5.701882058850286512e+02
5.699823313547066164e+02
5.697770491138983289e+02
5.695723584359865299e+02
5.693682585943552112e+02
5.691647488623870004e+02
5.689618285134656617e+02
5.687594968209742774e+02
5.685577530582960435e+02
5.683565964988141559e+02
5.681560264159120379e+02
5.679560420829732266e+02
5.677566427733802357e+02
5.675578277605172843e+02
5.673595963177668864e+02
5.671619477185126925e+02
5.669648812361378987e+02
5.667683961440258145e+02
5.665724917155596358e+02
5.663771672241225588e+02
5.661824219430981202e+02
5.659882551458694024e+02
5.657946661058198288e+02
5.656016540963322541e+02
5.654092183907902154e+02
5.652173582625774770e+02
5.650260729850765529e+02
5.648353618316709799e+02
5.646452240757441814e+02
5.644556589906792397e+02
5.642666658498593506e+02
5.640782439266682786e+02
5.638903924944887649e+02
5.637031108267042327e+02
5.635163981966979918e+02
5.633302538778534654e+02
5.631446771435536220e+02
5.629596672671819988e+02
5.627752235221217916e+02
5.625913451817561963e+02
5.624080315194685227e+02
5.622252818086419666e+02
5.620430953226599513e+02
5.618614713349056728e+02
5.616804091187624408e+02
5.614999079476135648e+02
5.613199670948420135e+02
5.611405858338315511e+02
5.609617634379653737e+02
5.607834991806262224e+02
5.606057923351978616e+02
5.604286421750633735e+02
5.602520479736060679e+02
5.600760090042092543e+02
5.599005245402562423e+02
5.597255938551303416e+02
5.595512162222145207e+02
5.593773909148924304e+02
5.592041172065471528e+02
5.590313943705618840e+02
5.588592216803201609e+02
5.586875984092049521e+02
5.585165238305996809e+02
5.583459972178877706e+02
5.581760178444521898e+02
5.580065849836763618e+02
5.578376979089435963e+02
5.576693558936369755e+02
5.575015582111401500e+02
5.573343041348359748e+02
5.571675929381081005e+02
5.570014238943393821e+02
5.568357962769133565e+02
5.566707093592134470e+02
5.565061624146226222e+02
5.563421547165241918e+02
5.561786855383015791e+02
5.560157541533379799e+02
5.558533598350167040e+02
5.556915018567210609e+02
5.555301794918341329e+02
5.553693920137393434e+02
5.552091386958198882e+02
5.550494188114590770e+02
5.548902316340401057e+02
5.547315764369466251e+02
5.545734524935613763e+02
5.544158590772680100e+02
5.542587954614494947e+02
5.541022609194893676e+02
5.539462547247708244e+02
5.537907761506770612e+02
5.536358244705913876e+02
5.534813989578971132e+02
5.533274988859776613e+02
5.531741235282160005e+02
5.530212721579954405e+02
5.528689440486994044e+02
5.527171384737112021e+02
5.525658547064139157e+02
5.524150920201909685e+02
5.522648496884255565e+02
5.521151269845009892e+02
5.519659231818004628e+02
5.518172375537074004e+02
5.516690693736049980e+02
5.515214179148764515e+02
5.513742824509051843e+02
5.512276622550742786e+02
5.510815566007672714e+02
5.509359647613669040e+02
5.507908860102571680e+02
5.506463196208209183e+02
5.505022648664415783e+02
5.503587210205022302e+02
5.502156873563861836e+02
5.500731631474769756e+02
5.499311476671575747e+02
5.497896401888115179e+02
5.496486399858216600e+02
5.495081463315716519e+02
5.493681584994445757e+02
5.492286757628239684e+02
5.490896973950927986e+02
5.489512226696346033e+02
5.488132508598322374e+02
5.486757812390696927e+02
5.485388130807293692e+02
5.484023456581950313e+02
5.482663782448501024e+02
5.481309101140773237e+02
5.479959405392605731e+02
5.478614687937828194e+02
5.477274941510270310e+02
5.475940158843771997e+02
5.474610332672158393e+02
5.473285455729268278e+02
5.471965520748931340e+02
5.470650520464979536e+02
5.469340447611247100e+02
5.468035294921568266e+02
5.466735055129774992e+02
5.465439720969698101e+02
5.464149285175169553e+02
5.462863740480024717e+02
5.461583079618094416e+02
5.460307295323214021e+02
5.459036380329213216e+02
5.457770327369927372e+02
5.456509129179188449e+02
5.455252778490827268e+02
5.454001268038678063e+02
5.452754590556575067e+02
5.451512738778346829e+02
5.450275705437832130e+02
5.449043483268857244e+02
5.447816065005259816e+02
5.446593443380868393e+02
5.445375611129519484e+02
5.444162560985045047e+02
5.442954285681275906e+02
5.441750777952045155e+02
5.440552030531187029e+02
5.439358036152533487e+02
5.438168787549917624e+02
5.436984277457171402e+02
5.435804498608127915e+02
5.434629443736619123e+02
5.433459105576482671e+02
5.432293476861543695e+02
5.431132550325637567e+02
5.429976318702601930e+02
5.428824774726261921e+02
5.427677911130454049e+02
5.426535720649010273e+02
5.425398196015763688e+02
5.424265329964548528e+02
5.423137115229196752e+02
5.422013544543539183e+02
5.420894610641411191e+02
5.419780306256642461e+02
5.418670624123068364e+02
5.417565556974520860e+02
5.416465097544833043e+02
5.415369238567834600e+02
5.414277972777362038e+02
5.413191292907247316e+02
5.412109191691322394e+02
5.411031661863420368e+02
5.409958696157372060e+02
5.408890287307015114e+02
5.407826428046175806e+02
5.406767111108692916e+02
5.405712329228394992e+02
5.404662075139116268e+02
5.403616341574688704e+02
5.402575121268947669e+02
5.401538406955721712e+02
5.400506191368847340e+02
5.399478467242155375e+02
5.398455227309478914e+02
5.397436464304649917e+02
5.396422170961502616e+02
5.395412340013868970e+02
5.394406964195582077e+02
5.393406036240473895e+02
5.392409548882376384e+02
5.391417494855124914e+02
5.390429866892549171e+02
5.389446657728484524e+02
5.388467860096762934e+02
5.387493466731216358e+02
5.386523470365677895e+02
5.385557863733979502e+02
5.384596639569956551e+02
5.383639790607438727e+02
5.382687309580260262e+02
5.381739189222254254e+02
5.380795422267250387e+02
5.379856001449086307e+02
5.378920919501591698e+02
5.377990169158599656e+02
5.377063743153942141e+02
5.376141634221454524e+02
5.375223835094965352e+02
5.374310338508312270e+02
5.373401137195323827e+02
5.372496223889835392e+02
5.371595591325678924e+02
5.370699232236686385e+02
5.369807139356690868e+02
5.368919305419526609e+02
5.368035723159023291e+02
5.367156385309016287e+02
5.366281284603338690e+02
5.365410413775820189e+02
5.364543765560295014e+02
5.363681332690598538e+02
5.362823107900558171e+02
5.361969083924011557e+02
5.361119253494789518e+02
5.360273609346722878e+02
5.359432144213647007e+02
5.358594850829393863e+02
5.357761721927797680e+02
5.356932750242688144e+02
5.356107928507898350e+02
5.355287249457264807e+02
5.354470705824616061e+02
5.353658290343786348e+02
5.352849995748608762e+02
5.352045814772915264e+02
5.351245740150538950e+02
5.350449764615315189e+02
5.349657880901070257e+02
5.348870081741641798e+02
5.348086359870861770e+02
5.347306708022563271e+02
5.346531118930577122e+02
5.345759585328737558e+02
5.344992099950878810e+02
5.344228655530829428e+02
5.343469244802425919e+02
5.342713860499497969e+02
5.341962495355880947e+02
5.341215142105407949e+02
5.340471793481908662e+02
5.339732442219218456e+02
5.338997081051168152e+02
5.338265702711593121e+02
5.337538299934321913e+02
5.336814865453191032e+02
5.336095392002031303e+02
5.335379872314676959e+02
5.334668299124959958e+02
5.333960665166712261e+02
5.333256963173766962e+02
5.332557185879957160e+02
5.331861326019114813e+02
5.331169376325075291e+02
5.330481329531667143e+02
5.329797178372725739e+02
5.329116915582084175e+02
5.328440533893574411e+02
5.327768026041028406e+02
5.327099384758279257e+02
5.326434602779162333e+02
5.325773672837505046e+02
5.325116587667143904e+02
5.324463340001910865e+02
5.323813922575637889e+02
5.323168328122161483e+02
5.322526549375309060e+02
5.321888579068915988e+02
5.321254409936814227e+02
5.320624034712838011e+02
5.319997446130818162e+02
5.319374636924587776e+02
5.318755599827981086e+02
5.318140327574828916e+02
5.317528812898964361e+02
5.316921048534220517e+02
5.316317027214431619e+02
5.315716741673428487e+02
5.315120184645043082e+02
5.314527348863110774e+02
5.313938227061462385e+02
5.313352811973932148e+02
5.312771096334349750e+02
5.312193072876551696e+02
5.311618734334367673e+02
5.311048073441633051e+02
5.310481082932177515e+02
5.309917755539836435e+02
5.309358083998441771e+02
5.308802061041826619e+02
5.308249679403822938e+02
5.307700931818261552e+02
5.307155811018978966e+02
5.306614309739807140e+02
5.306076420714576898e+02
5.305542136677121334e+02
5.305011450361274683e+02
5.304484354500868903e+02
5.303960841829735955e+02
5.303440905081708934e+02
5.302924536990622073e+02
5.302411730290306195e+02
5.301902477714594397e+02
5.301396771997320911e+02
5.300894605872316561e+02
5.300395972073414441e+02
5.299900863334447649e+02
5.299409272389249281e+02
5.298921191971650160e+02
5.298436614815486791e+02
5.297955533654588862e+02
5.297477941222789468e+02
5.297003830253921706e+02
5.296533193481818671e+02
5.296066023640312324e+02
5.295602313463235760e+02
5.295142055684422076e+02
5.294685243037704367e+02
5.294231868256913458e+02
5.293781924075883580e+02
5.293335403228447831e+02
5.292892298448438169e+02
5.292452602469686553e+02
5.292016308026027218e+02
5.291583407851292122e+02
5.291153894679314362e+02
5.290727761243924760e+02
5.290305000278959824e+02
5.289885604518249238e+02
5.289469566695626099e+02
5.289056879544924641e+02
5.288647535799976822e+02
5.288241528194614602e+02
5.287838849462671078e+02
5.287439492337979345e+02
5.287043449554371364e+02
5.286650713845682503e+02
5.286261277945741313e+02
5.285875134588384299e+02
5.285492276507442284e+02
5.285112696436744955e+02
5.284736387110132227e+02
5.284363341261432652e+02
5.283993551624478187e+02
5.283627010933103065e+02
5.283263711921138110e+02
5.282903647322418692e+02
5.282546809870775633e+02
5.282193192300043165e+02
5.281842787344053249e+02
5.281495587736637845e+02
5.281151586211631184e+02
5.280810775502865226e+02
5.280473148344171932e+02
5.280138697469385534e+02
5.279807415612337991e+02
5.279479295506861263e+02
5.279154329886789583e+02
5.278832511485954910e+02
5.278513833038189205e+02
5.278198287277326699e+02
5.277885866937198216e+02
5.277576564751639125e+02
5.277270373454480250e+02
5.276967285779554686e+02
5.276667294460696667e+02
5.276370392231735877e+02
5.276076571826506552e+02
5.275785825978842922e+02
5.275498147422574675e+02
5.275213528891537180e+02
5.274931963119562397e+02
5.274653442840481148e+02
5.274377960788128803e+02
5.274105509696336185e+02
5.273836082298938663e+02
5.273569671329767061e+02
5.273306269522654475e+02
5.273045869611431726e+02
5.272788464329934186e+02
5.272534046411993813e+02
5.272282608591443704e+02
5.272034143602115819e+02
5.271788644177843253e+02
5.271546103052457966e+02
5.271306512959794190e+02
5.271069866633682750e+02
5.270836156807957877e+02
5.270605376216451532e+02
5.270377517592997947e+02
5.270152573671427945e+02
5.269930537185574622e+02
5.269711400869271074e+02
5.269495157456349261e+02
5.269281799680644554e+02
5.269071320275986636e+02
5.268863711976209743e+02
5.268658967515145832e+02
5.268457079626626864e+02
5.268258041044488209e+02
5.268061844502561826e+02
5.267868482734679674e+02
5.267677948474671439e+02
5.267490234456375902e+02
5.267305333413621611e+02
5.267123238080242800e+02
5.266943941190071428e+02
5.266767435476940591e+02
5.266593713674683386e+02
5.266422768517131772e+02
5.266254592738121119e+02
5.266089179071479975e+02
5.265926520251043712e+02
5.265766609010644288e+02
5.265609438084113663e+02
5.265455000205286069e+02
5.265303288107994604e+02
5.265154294526071226e+02
5.265008012193346758e+02
5.264864433843656570e+02
5.264723552210831485e+02
5.264585360028705736e+02
5.264449850031112419e+02
5.264317014951882356e+02
5.264186847524849782e+02
5.264059340483846654e+02
5.263934486562704933e+02
5.263812278495259989e+02
5.263692709015342643e+02
5.263575770856784857e+02
5.263461456753420862e+02
5.263349759439082618e+02
5.263240671647604358e+02
5.263134186112816906e+02
5.263030295568552219e+02
5.262928992748645669e+02
5.262830270386930351e+02
5.262734121217234815e+02
5.262640537973395567e+02
5.262549513389245703e+02
5.262461040198614910e+02
5.262375111135336283e+02
5.262291718933245193e+02
5.262210856326172461e+02
5.262132516047951185e+02
5.262056690832414461e+02
5.261983373413394247e+02
5.261912556524723641e+02
5.261844232900235738e+02
5.261778395273762499e+02
5.261715036379137018e+02
5.261654148950193530e+02
5.261595725720760583e+02
5.261539759424676959e+02
5.261486242795768931e+02
5.261435168567874143e+02
5.261386529474823419e+02
5.261340318250449855e+02
5.261296527628585409e+02
5.261255150343063178e+02
5.261216179127716259e+02
5.261179606716376611e+02
5.261145425842879604e+02
5.261113629241052649e+02
5.261084209644734528e+02
5.261057159787753790e+02
5.261032472403944666e+02
5.261010140227140255e+02
5.260990155991171378e+02
5.260972512429873404e+02
5.260957202277078295e+02
5.260944218266616872e+02
5.260933553132324505e+02
5.260925199608030880e+02
5.260919150427571367e+02
5.260915398324779062e+02
5.260913936033483651e+02
5.260914756287520504e+02
5.260917851820721580e+02
5.260923215366918839e+02
5.260930839659946514e+02
5.260940717433636564e+02
5.260952841421822086e+02
5.260967204358333902e+02
5.260983798977006245e+02
5.261002618011673349e+02
5.261023654196164898e+02
5.261046900264317401e+02
5.261072348949960542e+02
5.261099992986925145e+02
5.261129825109048852e+02
5.261161838050162487e+02
5.261196024544099146e+02
5.261232377324688514e+02
5.261270889125767098e+02
5.261311552681165722e+02
5.261354360724718617e+02
5.261399305990255471e+02
5.261446381211612788e+02
5.261495579122620256e+02
5.261546892457112108e+02
5.261600313948921439e+02
5.261655836331880209e+02
5.261713452339821515e+02
5.261773154706577316e+02
5.261834936165980707e+02
5.261898789451864786e+02
5.261964707298062649e+02
5.262032682438406255e+02
5.262102707606727563e+02
5.262174775536861944e+02
5.262248878962639083e+02
5.262325010617893213e+02
5.262403163236457431e+02
5.262483329552163696e+02
5.262565502298845104e+02
5.262649674210333615e+02
5.262735838020463461e+02
5.262823986463066603e+02
5.262914112271975000e+02
5.263006208181021748e+02
5.263100266924041080e+02
5.263196281234863818e+02
5.263294243847323060e+02
5.263394147495251900e+02
5.263495984912483436e+02
5.263599748832849627e+02
5.263705431990183570e+02
5.263813027118319496e+02
5.263922526951085956e+02
5.264033924222320593e+02
5.264147211665853092e+02
5.264262382015516550e+02
5.264379428005144064e+02
5.264498342368568728e+02
5.264619117839622504e+02
5.264741747152139624e+02
5.264866223039950910e+02
5.264992538236889459e+02
5.265120685476789504e+02
5.265250657493481867e+02
5.265382447020800782e+02
5.265516046792578209e+02
5.265651449542647242e+02
5.265788648004839843e+02
5.265927634912989106e+02
5.266068403000928129e+02
5.266210945002488870e+02
5.266355253651505564e+02
5.266501321681809031e+02
5.266649141827233507e+02
5.266798706821610949e+02
5.266950009398774455e+02
5.267103042292557120e+02
5.267257798236789768e+02
5.267414269965307767e+02
5.267572450211941941e+02
5.267732331710525386e+02
5.267893907194892336e+02
5.268057169398872475e+02
5.268222111056301173e+02
5.268388724901010391e+02
5.268557003666832088e+02
5.268726940087600497e+02
5.268898526897147576e+02
5.269071756829305286e+02
5.269246622617906723e+02
5.269423116996786121e+02
5.269601232699774300e+02
5.269780962460704359e+02
5.269962299013410529e+02
5.270145235091722498e+02
5.270329763429476770e+02
5.270515876760504170e+02
5.270703567818636657e+02
5.270892829337707326e+02
5.271083654051550411e+02
5.271276034693996735e+02
5.271469963998879393e+02
5.271665434700032620e+02
5.271862439531287237e+02
5.272060971226477477e+02
5.272261022519435301e+02
5.272462586143992667e+02
5.272665654833983808e+02
5.272870221323240685e+02
5.273076278345595256e+02
5.273283818634882891e+02
5.273492834924934414e+02
5.273703319949580646e+02
5.273915266442658094e+02
5.274128667137997581e+02
5.274343514769431067e+02
5.274559802070792784e+02
5.274777521775914693e+02
5.274996666618629888e+02
5.275217229332771467e+02
5.275439202652170252e+02
5.275662579310661613e+02
5.275887352042076373e+02
5.276113513580247627e+02
5.276341056659008473e+02
5.276569974012192006e+02
5.276800258373630186e+02
5.277031902477156109e+02
5.277264899056601735e+02
5.277499240845800159e+02
5.277734920578586753e+02
5.277971930988790064e+02
5.278210264810244325e+02
5.278449914776783771e+02
5.278690873622239224e+02
5.278933134080443779e+02
5.279176688885231670e+02
5.279421530770432582e+02
5.279667652469881887e+02
5.279915046717412679e+02
5.280163706246855782e+02
5.280413623792044291e+02
5.280664792086812440e+02
5.280917203864989915e+02
5.281170851860413222e+02
5.281425728806912048e+02
5.281681827438320624e+02
5.281939140488472049e+02
5.282197660691197143e+02
5.282457380780330141e+02
5.282718293489704138e+02
5.282980391553151094e+02
5.283243667704504105e+02
5.283508114677595131e+02
5.283773725206256131e+02
5.284040492024323612e+02
5.284308407865627260e+02
5.284577465463997896e+02
5.284847657553272029e+02
5.285118976867281617e+02
5.285391416139859757e+02
5.285664968104837271e+02
5.285939625496046119e+02
5.286215381047322808e+02
5.286492227492497022e+02
5.286770157565402997e+02
5.287049163999872690e+02
5.287329239529738061e+02
5.287610376888834480e+02
5.287892568810992771e+02
5.288175808030044891e+02
5.288460087279825075e+02
5.288745399294166418e+02
5.289031736806899744e+02
5.289319092551860422e+02
5.289607459262877001e+02
5.289896829673785987e+02
5.290187196518419341e+02
5.290478552530609022e+02
5.290770890444189263e+02
5.291064202992988612e+02
5.291358482910844714e+02
5.291653722931588391e+02
5.291949915789052739e+02
5.292247054217069717e+02
5.292545130949472423e+02
5.292844138720092815e+02
5.293144070262765126e+02
5.293444918311321317e+02
5.293746675599593345e+02
5.294049334861416582e+02
5.294352888830620714e+02
5.294657330241039972e+02
5.294962651826506317e+02
5.295268846320852845e+02
5.295575906457912652e+02
5.295883824971518834e+02
5.296192594595503351e+02
5.296502208063698163e+02
5.296812658109937502e+02
5.297123937468053327e+02
5.297436038871878736e+02
5.297748955055245688e+02
5.298062678751988415e+02
5.298377202695937740e+02
5.298692519620926760e+02
5.299008622260789707e+02
5.299325503349359678e+02
5.299643155620466359e+02
5.299961571807943983e+02
5.300280744645626783e+02
5.300600666867344444e+02
5.300921331206932336e+02
5.301242730398223557e+02
5.301564857175047791e+02
5.301887704271239272e+02
5.302211264420633370e+02
5.302535530357058633e+02
5.302860494814350432e+02
5.303186150526339588e+02
5.303512490226860336e+02
5.303839506649744635e+02
5.304167192528826718e+02
5.304495540597937406e+02
5.304824543590909798e+02
5.305154194241576988e+02
5.305484485283772074e+02
5.305815409451327014e+02
5.306146959478076042e+02
5.306479128097849980e+02
5.306811908044481925e+02
5.307145292051804972e+02
5.307479272853652219e+02
5.307813843183856761e+02
5.308148995776249421e+02
5.308484723364664433e+02
5.308821018682934891e+02
5.309157874464892757e+02
5.309495283444371125e+02
5.309833238355201956e+02
5.310171731931216073e+02
5.310510756906251117e+02
5.310850306014137914e+02
5.311190371988707284e+02
5.311530947563793461e+02
5.311872025473228405e+02
5.312213598450846348e+02
5.312555659230479250e+02
5.312898200545959071e+02
5.313241215131117769e+02
5.313584695719791853e+02
5.313928635045808733e+02
5.314273025843007190e+02
5.314617860845214636e+02
5.314963132786266442e+02
5.315308834399995703e+02
5.315654958420232106e+02
5.316001497580813293e+02
5.316348444615567814e+02
5.316695792258328765e+02
5.317043533242931517e+02
5.317391660303205754e+02
5.317740166172986847e+02
5.318089043586105618e+02
5.318438285276395163e+02
5.318787883977689717e+02
5.319137832423820100e+02
5.319488123348620547e+02
5.319838749485921880e+02
5.320189703569558333e+02
5.320540978333363000e+02
5.320892566511165569e+02
5.321244460836803682e+02
5.321596654044105890e+02
5.321949138866907560e+02
5.322301908039039517e+02
5.322654954294334857e+02
5.323008270366627812e+02
5.323361848989749205e+02
5.323715682897532133e+02
5.324069764823810829e+02
5.324424087502416114e+02
5.324778643667183360e+02
5.325133426051942251e+02
5.325488427390525885e+02
5.325843640416768494e+02
5.326199057864502038e+02
5.326554672467560749e+02
5.326910476959774314e+02
5.327266464074978103e+02
5.327622626547002938e+02
5.327978957109683051e+02
5.328335448496850404e+02
5.328692093442338091e+02
5.329048884679979210e+02
5.329405814943604582e+02
5.329762876967048442e+02
5.330120063484145021e+02
5.330477367228722869e+02
5.330834780934619630e+02
5.331192297335663852e+02
5.331549909165690906e+02
5.331907609158532750e+02
5.332265390048022482e+02
5.332623244567990923e+02
5.332981165452272307e+02
5.333339145434699731e+02
5.333697177249106289e+02
5.334055253629322806e+02
5.334413367309183513e+02
5.334771511022520372e+02
5.335129677503166477e+02
5.335487859484956061e+02
5.335846049701718812e+02
5.336204240887288961e+02
5.336562425775499605e+02
5.336920597100181567e+02
5.337278747595171353e+02
5.337636869994298650e+02
5.337994957031396552e+02
5.338353001440298158e+02
5.338710995954836562e+02
5.339068933308843725e+02
5.339426806236153880e+02
5.339784607470597848e+02
5.340142329746008727e+02
5.340499965796220749e+02
5.340857508355064738e+02
5.341214950156376062e+02
5.341572283933983272e+02
5.341929502421724010e+02
5.342286598353425688e+02
5.342643564462924815e+02
5.343000393484054484e+02
5.343357078150645521e+02
5.343713611196529882e+02
5.344069985355541803e+02
5.344426193361514379e+02
5.344782227948280706e+02
5.345138081849670471e+02
5.345493747799521316e+02
5.345849218531661791e+02
5.346204486779924991e+02
5.346559545278146288e+02
5.346914386760154230e+02
5.347269003959786460e+02
5.347623389610872664e+02
5.347977536447245939e+02
5.348331437202740517e+02
5.348685084611186085e+02
5.349038471406418012e+02
5.349391590552920661e+02
5.349744437696491559e+02
5.350097010212811028e+02
5.350449305506391511e+02
5.350801320981748859e+02
5.351153054043393240e+02
5.351504502095838234e+02
5.351855662543596281e+02
5.352206532791177551e+02
5.352557110243096758e+02
5.352907392303865208e+02
5.353257376377996479e+02
5.353607059870003013e+02
5.353956440184397252e+02
5.354305514725689363e+02
5.354654280898394063e+02
5.355002736107026067e+02
5.355350877756093269e+02
5.355698703250111521e+02
5.356046209993589855e+02
5.356393395391044123e+02
5.356740256846985631e+02
5.357086791765926819e+02
5.357432997552380129e+02
5.357778871610856868e+02
5.358124411345872886e+02
5.358469614161936079e+02
5.358814477463564572e+02
5.359158998655266259e+02
5.359503175141553584e+02
5.359847004326942397e+02
5.360190483615941730e+02
5.360533610413066299e+02
5.360876382122828545e+02
5.361218796149739774e+02
5.361560849898312426e+02
5.361902540773061219e+02
5.362243866178495182e+02
5.362584823519130168e+02
5.362925410199474072e+02
5.363265623624045020e+02
5.363605461197353179e+02
5.363944920323908718e+02
5.364283998408228626e+02
5.364622692854820798e+02
5.364961001068201085e+02
5.365298920452879656e+02
5.365636448413370090e+02
5.365973582354185965e+02
5.366310319679837448e+02
5.366646657794840394e+02
5.366982594103702695e+02
5.367318126010940205e+02
5.367653250921065364e+02
5.367987966238588342e+02
5.368322269368021580e+02
5.368656157713882067e+02
5.368989628680677697e+02
5.369322679672923186e+02
5.369655308095129840e+02
5.369987511351810099e+02
5.370319286847477542e+02
5.370650631986644612e+02
5.370981544173822613e+02
5.371312020813523986e+02
5.371642059310262312e+02
5.371971657068550030e+02
5.372300811492900721e+02
5.372629519987823414e+02
5.372957779957833964e+02
5.373285588807442537e+02
5.373612943941162712e+02
5.373939842763506931e+02
5.374266282678987636e+02
5.374592261092117269e+02
5.374917775407408271e+02
5.375242823029373085e+02
5.375567401362525288e+02
5.375891507811376187e+02
5.376215139780435948e+02
5.376538294674221561e+02
5.376860969897244331e+02
5.377183162854014427e+02
5.377504870949046563e+02
5.377826091586853181e+02
5.378146822171943313e+02
5.378467060108833948e+02
5.378786802802036391e+02
5.379106047656061946e+02
5.379424792075424193e+02
5.379743033464634436e+02
5.380060769228206254e+02
5.380377996770650952e+02
5.380694713496483246e+02
5.381010916810214439e+02
5.381326604116354702e+02
5.381641772819421021e+02
5.381956420323922430e+02
5.382270544034371369e+02
5.382584141355281417e+02
5.382897209691167291e+02
5.383209746446535746e+02
5.383521749025906047e+02
5.383833214833786087e+02
5.384144141274688309e+02
5.384454525753129701e+02
5.384764365673615885e+02
5.385073658440664985e+02
5.385382401458787172e+02
5.385690592132494885e+02
5.385998227866302841e+02
5.386305306064720071e+02
5.386611824132260153e+02
5.386917779473436667e+02
5.387223169492760917e+02
5.387527991594747618e+02
5.387832243183906940e+02
5.388135921664751322e+02
5.388439024441795482e+02
5.388741548919549587e+02
5.389043492502526078e+02
5.389344852595239672e+02
5.389645626602200537e+02
5.389945811927923387e+02
5.390245405976919528e+02
5.390544406153699128e+02
5.390842809862779177e+02
5.391140614508668705e+02
5.391437817495882427e+02
5.391734416228931650e+02
5.392030408112327677e+02
5.392325790550584088e+02
5.392620560948215598e+02
5.392914716709731238e+02
5.393208255239645723e+02
5.393501173942470359e+02
5.393793470222717588e+02
5.394085141484900987e+02
5.394376185133532999e+02
5.394666598573123792e+02
5.394956379208189219e+02
5.395245524443239447e+02
5.395534031682786917e+02
5.395821898331346347e+02
5.396109121793427903e+02
5.396395699473544028e+02
5.396681628776210573e+02
5.396966907105934297e+02
5.397251531867232188e+02
5.397535500464615552e+02
5.397818810302596830e+02
5.398101458785688465e+02
5.398383443318404034e+02
5.398664761305253705e+02
5.398945410150749922e+02
5.399225387259407398e+02
5.399504690035738577e+02
5.399783315884253625e+02
5.400061262209467259e+02
5.400338526415891920e+02
5.400615105908036639e+02
5.400890998090419544e+02
5.401166200367548527e+02
5.401440710143937167e+02
5.401714524824097907e+02
5.401987641812546599e+02
5.402260058513791137e+02
5.402531772332346236e+02
5.402802780672723202e+02
5.403073080939434476e+02
5.403342670536995911e+02
5.403611546869915401e+02
5.403879707342706524e+02
5.404147149359885134e+02
5.404413870325960261e+02
5.404679867645445484e+02
5.404945138722853244e+02
5.405209680962694847e+02
5.405473491769485008e+02
5.405736568547733896e+02
5.405998908701957362e+02
5.406260509636663301e+02
5.406521368756368702e+02
5.406781483465582596e+02
5.407040851168819700e+02
5.407299469270590180e+02
5.407557335175407616e+02
5.407814446287787860e+02
5.408070800012237669e+02
5.408326393753274033e+02
5.408581224915405983e+02
5.408835290903149371e+02
5.409088589121014365e+02
5.409341116973513408e+02
5.409592871865160078e+02
5.409843851200466815e+02
5.410094052383946064e+02
5.410343472820109127e+02
5.410592109913469585e+02
5.410839961068538742e+02
5.411087023689832449e+02
5.411333295181858603e+02
5.411578772949133054e+02
5.411823454396164834e+02
5.412067336927470933e+02
5.412310417947560381e+02
5.412552694860947895e+02
5.412794165072144779e+02
5.413034825985663474e+02
5.413274675006016423e+02
5.413513709537716068e+02
5.413751926985275986e+02
5.413989324753206347e+02
5.414225900246021865e+02
5.414461650868236120e+02
5.414696574024357005e+02
5.414930667118901511e+02
5.415163927556379804e+02
5.415396352741304327e+02
5.415627940078189795e+02
5.415858686971546376e+02
5.416088590825886513e+02
5.416317649045723783e+02
5.416545859035570629e+02
5.416773218199939492e+02
5.416999723943341678e+02
5.417225373670293038e+02
5.417450164785300331e+02
5.417674094692881681e+02
5.417897160797546121e+02
5.418119360503807229e+02
5.418340691216177447e+02
5.418561150339170354e+02
5.418780735277296117e+02
5.418999443435069452e+02
5.419217272217000527e+02
5.419434219027605195e+02
5.419650281271393624e+02
5.419865456352877118e+02
5.420079741676570393e+02
5.420293134646985891e+02
5.420505632668634917e+02
5.420717233146029912e+02
5.420927933483683319e+02
5.421137731086109852e+02
5.421346623357818544e+02
5.421554607703326383e+02
5.421761681527141263e+02
5.421967842233777901e+02
5.422173087227748738e+02
5.422377413913566215e+02
5.422580819695742775e+02
5.422783301978788586e+02
5.422984858167219500e+02
5.423185485665547958e+02
5.423385181878282992e+02
5.423583944209941592e+02
5.423781770065032788e+02
5.423978656848070159e+02
5.424174601963567284e+02
5.424369602816034330e+02
5.424563656809984877e+02
5.424756761349932503e+02
5.424948913840389650e+02
5.425140111685866486e+02
5.425330352290877727e+02
5.425519633059934677e+02
5.425707951397550914e+02
5.425895304708237745e+02
5.426081690396508748e+02
5.426267105866876364e+02
5.426451548523851898e+02
5.426635015771947792e+02
5.426817505015678762e+02
5.426999013659554976e+02
5.427179539108088875e+02
5.427359078765794038e+02
5.427537630037184044e+02
5.427715190326769061e+02
5.427891757039062668e+02
5.428067327578578443e+02
5.428241899349825417e+02
5.428415469757319443e+02
5.428588036205571825e+02
5.428759596099095006e+02
5.428930146842402564e+02
5.429099685840004668e+02
5.429268210496414895e+02
5.429435718216146824e+02
5.429602206403712898e+02
5.429767672463623285e+02
5.429932113800392699e+02
5.430095527818532446e+02
5.430257911922554968e+02
5.430419263516974979e+02
5.430579580006302649e+02
5.430738858795050419e+02
5.430897097287731867e+02
5.431054292888858299e+02
5.431210443002944430e+02
5.431365545034499291e+02
5.431519596388038735e+02
5.431672594468072930e+02
5.431824536679115454e+02
5.431975420425679886e+02
5.432125243112275257e+02
5.432274002143417420e+02
5.432421694923617679e+02
5.432568318857388476e+02
5.432713871349242254e+02
5.432858349803691453e+02
5.433001751625248517e+02
5.433144074218425885e+02
5.433285314987737138e+02
5.433425471337692443e+02
5.433564540672807652e+02
5.433702520397591798e+02
5.433839407916559594e+02
5.433975200634222347e+02
5.434109895955092497e+02
5.434243491283685898e+02
5.434375984024509307e+02
5.434507371582078576e+02
5.434637651360906148e+02
5.434766820765504463e+02
5.434894877200383689e+02
5.435021818070060817e+02
5.435147640779043741e+02
5.435272342731847175e+02
5.435395921332984699e+02
5.435518373986966481e+02
5.435639698098306098e+02
5.435759891071514858e+02
5.435878950311106337e+02
5.435996873221594115e+02
5.436113657207490633e+02
5.436229299673306059e+02
5.436343798023553973e+02
5.436457149662746815e+02
5.436569351995398165e+02
5.436680402426018190e+02
5.436790298397045262e+02
5.436899039626329113e+02
5.437006629358613736e+02
5.437113071142032368e+02
5.437218368524715970e+02
5.437322525054797779e+02
5.437425544280408758e+02
5.437527429749682142e+02
5.437628185010752304e+02
5.437727813611750207e+02
5.437826319100806813e+02
5.437923705026056496e+02
5.438019974935629079e+02
5.438115132377660075e+02
5.438209180900280444e+02
5.438302124051622286e+02
5.438393965379817701e+02
5.438484708433001060e+02
5.438574356759302191e+02
5.438662913906856602e+02
5.438750383423792982e+02
5.438836768858245705e+02
5.438922073758345732e+02
5.439006301672228574e+02
5.439089456148024055e+02
5.439171540733866550e+02
5.439252558977884746e+02
5.439332514428215291e+02
5.439411410632986872e+02
5.439489251140335000e+02
5.439566039498390637e+02
5.439641779255284746e+02
5.439716473959152836e+02
5.439790127158124733e+02
5.439862742400335947e+02
5.439934323233914029e+02
5.440004873206995626e+02
5.440074395867709427e+02
5.440142894764193215e+02
5.440210373444573406e+02
5.440276835456986646e+02
5.440342284349562760e+02
5.440406723670436122e+02
5.440470156967737694e+02
5.440532587789599575e+02
5.440594019684156137e+02
5.440654456199537208e+02
5.440713900883877159e+02
5.440772357285306953e+02
5.440829828951960963e+02
5.440886319431970151e+02
5.440941832273466616e+02
5.440996371024582459e+02
5.441049939233452051e+02
5.441102540448206355e+02
5.441154178216977471e+02
5.441204856087898634e+02
5.441254577609100807e+02
5.441303346328720636e+02
5.441351165794884537e+02
5.441398039555728019e+02
5.441443971159383182e+02
5.441488964153980987e+02
5.441533022087659219e+02
5.441576148508542019e+02
5.441618346964768307e+02
5.441659621004466771e+02
5.441699974175770649e+02
5.441739410026815449e+02
5.441777932105728723e+02
5.441815543960645982e+02
5.441852249139698188e+02
5.441888051191018576e+02
5.441922953662740383e+02
5.441956960102993435e+02
5.441990074059912104e+02
5.442022299081627352e+02
5.442053638716273554e+02
5.442084096511982807e+02
5.442113676016883801e+02
5.442142380779114319e+02
5.442170214346801913e+02
5.442197180268083230e+02
5.442223282091088095e+02
5.442248523363949744e+02
5.442272907634799139e+02
5.442296438451771792e+02
5.442319119362995252e+02
5.442340953916607305e+02
5.442361945660736637e+02
5.442382098143517624e+02
5.442401414913082363e+02
5.442419899517559543e+02
5.442437555505088085e+02
5.442454386423796677e+02
5.442470395821817419e+02
5.442485587247282410e+02
5.442499964248326023e+02
5.442513530373079220e+02
5.442526289169675238e+02
5.442538244186245038e+02
5.442549398970921857e+02
5.442559757071837794e+02
5.442569322037128359e+02
5.442578097414921103e+02
5.442586086753351537e+02
5.442593293600549487e+02
5.442599721504649324e+02
5.442605374013784285e+02
5.442610254676084196e+02
5.442614367039683430e+02
5.442617714652712948e+02
5.442620301063305988e+02
5.442622129819595784e+02
5.442623204469713301e+02
5.442623528561790636e+02
5.442623105643961026e+02
5.442621939264355433e+02
5.442620032971110504e+02
5.442617390312353791e+02
5.442614014836220804e+02
5.442609910090841367e+02
5.442605079624349855e+02
5.442599526984877230e+02
5.442593255720557863e+02
5.442586269379522719e+02
5.442578571509903895e+02
5.442570165659833492e+02
5.442561055377444745e+02
5.442551244210870891e+02
5.442540735708244029e+02
5.442529533417695120e+02
5.442517640887357402e+02
5.442505061665361836e+02
5.442491799299843933e+02
5.442477857338932381e+02
5.442463239330763827e+02
5.442447948823468096e+02
5.442431989365176150e+02
5.442415364504023501e+02
5.442398077788141109e+02
5.442380132765659937e+02
5.442361532984713222e+02
5.442342281993436472e+02
5.442322383339958378e+02
5.442301840572412175e+02
5.442280657238929962e+02
5.442258836887644975e+02
5.442236383066690451e+02
5.442213299324197351e+02
5.442189589208297775e+02
5.442165256267124960e+02
5.442140304048809867e+02
5.442114736101486869e+02
5.442088555973288067e+02
5.442061767212345558e+02
5.442034373366790305e+02
5.442006377984756682e+02
5.441977784614374514e+02
5.441948596803780447e+02
5.441918818101103170e+02
5.441888452054475920e+02
5.441857502212031932e+02
5.441825972121903305e+02
5.441793865332222140e+02
5.441761185391119398e+02
5.441727935846731725e+02
5.441694120247186675e+02
5.441659742140618619e+02
5.441624805075160793e+02
5.441589312598945298e+02
5.441553268260101959e+02
5.441516675606767421e+02
5.441479538187070375e+02
5.441441859549146329e+02
5.441403643241123973e+02
5.441364892811139953e+02
5.441325611807322957e+02
5.441285803777807359e+02
5.441245472270725259e+02
5.441204620834208754e+02
5.441163253016391081e+02
5.441121372365402067e+02
5.441078982429378357e+02
5.441036086756447503e+02
5.440992688894746152e+02
5.440948792392404130e+02
5.440904400797553535e+02
5.440859517658329878e+02
5.440814146522862984e+02
5.440768290939283816e+02
5.440721954455726745e+02
5.440675140620327284e+02
5.440627852981211845e+02
5.440580095086515939e+02
5.440531870484371666e+02
5.440483182722911124e+02
5.440434035350267550e+02
5.440384431914571906e+02
5.440334375963958564e+02
5.440283871046557351e+02
5.440232920710501503e+02
5.440181528503924255e+02
5.440129697974959981e+02
5.440077432671737370e+02
5.440024736142389656e+02
5.439971611935047804e+02
5.439918063597848459e+02
5.439864094678922584e+02
5.439809708726398867e+02
5.439754909288415092e+02
5.439699699913099948e+02
5.439644084148586671e+02
5.439588065543008497e+02
5.439531647644496388e+02
5.439474834001185855e+02
5.439417628161203311e+02
5.439360033672687678e+02
5.439302054083767644e+02
5.439243692942576445e+02
5.439184953797246180e+02
5.439125840195908950e+02
5.439066355686699126e+02
5.439006503817747671e+02
5.438946288137185547e+02
5.438885712193147128e+02
5.438824779533765650e+02
5.438763493707169800e+02
5.438701858261496227e+02
5.438639876744874755e+02
5.438577552705438620e+02
5.438514889691318785e+02
5.438451891250649624e+02
5.438388560931563234e+02
5.438324902282189441e+02
5.438260918850664893e+02
5.438196614185119415e+02
5.438131991833683969e+02
5.438067055344495202e+02
5.438001808265680665e+02
5.437936254145377006e+02
5.437870396531714050e+02
5.437804238972825033e+02
5.437737785016842054e+02
5.437671038211897212e+02
5.437604002106123744e+02
5.437536680247652612e+02
5.437469076184618189e+02
5.437401193465152573e+02
5.437333035637385592e+02
5.437264606249451617e+02
5.437195908849483885e+02
5.437126946985613358e+02
5.437057724205972136e+02
5.436988244058693454e+02
5.436918510091910548e+02
5.436848525853753245e+02
5.436778294892357053e+02
5.436707820755852936e+02
5.436637106992371855e+02
5.436566157150048184e+02
5.436494974777014022e+02
5.436423563421400331e+02
5.436351926631340348e+02
5.436280067954968445e+02
5.436207990940414447e+02
5.436135699135810455e+02
5.436063196089290841e+02
5.435990485348986567e+02
5.435917570463030870e+02
5.435844454979555849e+02
5.435771142446693602e+02
5.435697636412576230e+02
5.435623940425336968e+02
5.435550058033109053e+02
5.435475992784021173e+02
5.435401748226209975e+02
5.435327327907805284e+02
5.435252735376940336e+02
5.435177974181747231e+02
5.435103047870360342e+02
5.435027959990908357e+02
5.434952714091526786e+02
5.434877313720346592e+02
5.434801762425499874e+02
5.434726063755119867e+02
5.434650221257338671e+02
5.434574238480288386e+02
5.434498118972102247e+02
5.434421866280912354e+02
5.434345483954849669e+02
5.434268975542047428e+02
5.434192344590640005e+02
5.434115594648756087e+02
5.434038729264531185e+02
5.433961751986097397e+02
5.433884666361584550e+02
5.433807475939128153e+02
5.433730184266858032e+02
5.433652794892907423e+02
5.433575311365410698e+02
5.433497737232497684e+02
5.433420076042301616e+02
5.433342331342954594e+02
5.433264506682590991e+02
5.433186605609339495e+02
5.433108631671335615e+02
5.433030588416710316e+02
5.432952479393595695e+02
5.432874308150126126e+02
5.432796078234432571e+02
5.432717793194645992e+02
5.432639456578901900e+02
5.432561071935328982e+02
5.432482642812063887e+02
5.432404172757235301e+02
5.432325665318978736e+02
5.432247124045424016e+02
5.432168552484704378e+02
5.432089954184951921e+02
5.432011332694299881e+02
5.431932691560880357e+02
5.431854034332825449e+02
5.431775364558267256e+02
5.431696685785339014e+02
5.431618001562172822e+02
5.431539315436900779e+02
5.431460630957654985e+02
5.431381951672569812e+02
5.431303281129773950e+02
5.431224622877402908e+02
5.431145980463587648e+02
5.431067357436461407e+02
5.430988757344156284e+02
5.430910183734804377e+02
5.430831640156537787e+02
5.430753130157490887e+02
5.430674657285793501e+02
5.430596225089578866e+02
5.430517837116979081e+02
5.430439496916128519e+02
5.430361208035157006e+02
5.430282974022197777e+02
5.430204798425382933e+02
5.430126684792846845e+02
5.430048636672720477e+02
5.429970657613134790e+02
5.429892751162224158e+02
5.429814920868119543e+02
5.429737170278956455e+02
5.429659502942862446e+02
5.429581922407973025e+02
5.429504432222420292e+02
5.429427035934336345e+02
5.429349737091853285e+02
5.429272539243104347e+02
5.429195445936220494e+02
5.429118460719336099e+02
5.429041587140580987e+02
5.428964828748089531e+02
5.428888189089993830e+02
5.428811671714425984e+02
5.428735280169516955e+02
5.428659018003402252e+02
5.428582888764211702e+02
5.428506896000078541e+02
5.428431043259136004e+02
5.428355334089515054e+02
5.428279772039347790e+02
5.428204360656768586e+02
5.428129103489908402e+02
5.428054004086900477e+02
5.427979065995875771e+02
5.427904292764968659e+02
5.427829687942310102e+02
5.427755255076032199e+02
5.427680997714268187e+02
5.427606919405150165e+02
5.427533023696810233e+02
5.427459314137381625e+02
5.427385794274996442e+02
5.427312467657785646e+02
5.427239337833883610e+02
5.427166408351422433e+02
5.427093682758533078e+02
5.427021164603349916e+02
5.426948857434003912e+02
5.426876764798628301e+02
5.426804890245352908e+02
5.426733237322314380e+02
5.426661809577642543e+02
5.426590610559469496e+02
5.426519643815929612e+02
5.426448912895152716e+02
5.426378421345272045e+02
5.426308172714420834e+02
5.426238170550732320e+02
5.426168418402336329e+02
5.426098919817366095e+02
5.426029678343955993e+02
5.425960697530234711e+02
5.425891980924338895e+02
5.425823532074398372e+02
5.425755354528544103e+02
5.425687451834912736e+02
5.425619827541631821e+02
5.425552485196838006e+02
5.425485428348661117e+02
5.425418660545235525e+02
5.425352185334691058e+02
5.425286006265162086e+02
5.425220126884779575e+02
5.425154550741676758e+02
5.425089281383986872e+02
5.425024322359840880e+02
5.424959677217372018e+02
5.424895349504711248e+02
5.424831342769991807e+02
5.424767660561348066e+02
5.424704306426909852e+02
5.424641283914810401e+02
5.424578596573180675e+02
5.424516247950156185e+02
5.424454241593866755e+02
5.424392581052445621e+02
5.424331269874026020e+02
5.424270311606737778e+02
5.424209709798715267e+02
5.424149467998091723e+02
5.424089589752998108e+02
5.424030078611565386e+02
5.423970938121929066e+02
5.423912171832221247e+02
5.423853783290571755e+02
5.423795776045113826e+02
5.423738153643980695e+02
5.423680919635305600e+02
5.423624077567219501e+02
5.423567630987854500e+02
5.423511583445343831e+02
5.423455938487819594e+02
5.423400699663413889e+02
5.423345870520259950e+02
5.423291454606488742e+02
5.423237455470234636e+02
5.423183876659628595e+02
5.423130721722802718e+02
5.423077994207890242e+02
5.423025697663023266e+02
5.422973835636335025e+02
5.422922411675956482e+02
5.422871429330020874e+02
5.422820892146660299e+02
5.422770803674006856e+02
5.422721167460193783e+02
5.422671987053352041e+02
5.422623266001614866e+02
5.422575007853116631e+02
5.422527216155986025e+02
5.422479894458358558e+02
5.422433046308365192e+02
5.422386675254136890e+02
5.422340784843809161e+02
5.422295378625511830e+02
5.422250460147379272e+02
5.422206032957541311e+02
5.422162100604132320e+02
5.422118666635284399e+02
5.422075734599129646e+02
5.422033308043801298e+02
5.421991390517431455e+02
5.421949985568151078e+02
5.421909096744093404e+02
5.421868727593391668e+02
5.421828881664176834e+02
5.421789562504582136e+02
5.421750773662740812e+02
5.421712518686782687e+02
5.421674801124843270e+02
5.421637624525052388e+02
5.421600992435543276e+02
5.421564908404449170e+02
5.421529375979901033e+02
5.421494398710032101e+02
5.421459980142975610e+02
5.421426123826862522e+02
5.421392833309826074e+02
5.421360112139998364e+02
5.421327963865510355e+02
5.421296392034496421e+02
5.421265400195088660e+02
5.421234991895419171e+02
5.421205170683620054e+02
5.421175940107823408e+02
5.421147303716163606e+02
5.421119265056770473e+02
5.421091827677777246e+02
5.421064995127317161e+02
5.421038770953522317e+02
5.421013158704523676e+02
5.420988161928455611e+02
5.420963784173450222e+02
5.420940028987636197e+02
5.420916899919152456e+02
5.420894400516126552e+02
5.420872534326692858e+02
5.420851304898982335e+02
5.420830715781129356e+02
5.420810770521263748e+02
5.420791472667521020e+02
5.420772825768030998e+02
5.420754833370926917e+02
5.420737499024340877e+02
5.420720826276406115e+02
5.420704818675253591e+02
5.420689479769017680e+02
5.420674813105829344e+02
5.420660822233820682e+02
5.420647510701124929e+02
5.420634882055875323e+02
5.420622939846201689e+02
5.420611687620238399e+02
5.420601128926117553e+02
5.420591267311971251e+02
5.420582106325931591e+02
5.420573649516131809e+02
5.420565900430702868e+02
5.420558862617779141e+02
5.420552539625491590e+02
5.420546935001973452e+02
5.420542052295355688e+02
5.420537895053771535e+02
5.420534466825354230e+02
5.420531771158235870e+02
5.420529811600547418e+02
5.420528591700422112e+02
5.420528115005993186e+02
5.420528385065392740e+02
5.420529405426750600e+02
5.420531179638203412e+02
5.420533711247881001e+02
5.420537003803915468e+02
5.420541060854438911e+02
5.420545885947585703e+02
5.420551482631487943e+02
5.420557854454277731e+02
5.420565004964084892e+02
5.420572937709046073e+02
5.420581656237291099e+02
5.420591164096952070e+02
5.420601464836161085e+02
5.420612562003053654e+02
5.420624459145759602e+02
5.420637159812411028e+02
5.420650667551142305e+02
5.420664985910084397e+02
5.420680118437368264e+02
5.420696068681129418e+02
5.420712840189497683e+02
5.420730436510607433e+02
5.420748861192589629e+02
5.420768117783577509e+02
5.420788209831703170e+02
5.420809140885098714e+02
5.420830914491896237e+02
5.420853534200228978e+02
5.420877003558230172e+02
5.420901326114029644e+02
5.420926505415761767e+02
5.420952545011557504e+02
5.420979448449551228e+02
5.421007219277872764e+02
5.421035861044657622e+02
5.421065377298034491e+02
5.421095771586140017e+02
5.421127047457102890e+02
5.421159208459056345e+02
5.421192258140134754e+02
5.421226200048467945e+02
5.421261037732189152e+02
5.421296774739431612e+02
5.421333414618327424e+02
5.421370960917008688e+02
5.421409417183607502e+02
5.421448786966257103e+02
5.421489073813088453e+02
5.421530281272234788e+02
5.421572412891829345e+02
5.421615472220003085e+02
5.421659462804889245e+02
5.421704388194621060e+02
5.421750251937328358e+02
5.421797057581145509e+02
5.421844808674203477e+02
5.421893508764636636e+02
5.421943161400575946e+02
5.421993770130154644e+02
5.422045338501504830e+02
5.422097870062757465e+02
5.422151368362046924e+02
5.422205836947504167e+02
5.422261279367262432e+02
5.422317699169454954e+02
5.422375099902211559e+02
5.422433485113667757e+02
5.422492858351952236e+02
5.422553223165201643e+02
5.422614583101544667e+02
5.422676941709116818e+02
5.422740302536046784e+02
5.422804669130471211e+02
5.422870045040518789e+02
5.422936433814323891e+02
5.423003839000018615e+02
5.423072264145735062e+02
5.423141712799605330e+02
5.423212188509762655e+02
5.423283694824339136e+02
5.423356235291466874e+02
5.423429813459279103e+02
5.423504432875906787e+02
5.423580097089483161e+02
5.423656809648140324e+02
5.423734574100010377e+02
5.423813393993227692e+02
5.423893272875922094e+02
5.423974214296226819e+02
5.424056221802275104e+02
5.424139298942197911e+02
5.424223449264129613e+02
5.424308676316200035e+02
5.424394983646543551e+02
5.424482374803292259e+02
5.424570853334577123e+02
5.424660422788532514e+02
5.424751086713289396e+02
5.424842848656981005e+02
5.424935712167739439e+02
5.425029680793696798e+02
5.425124758082986318e+02
5.425220947583738962e+02
5.425318252844087965e+02
5.425416677412165427e+02
5.425516224836104584e+02
5.425616898664036398e+02
5.425718702444095243e+02
5.425821639724412080e+02
5.425925714053119009e+02
5.426030928978350403e+02
5.426137288048236087e+02
5.426244794810909298e+02
5.426353452814503271e+02
5.426463265607148969e+02
5.426574236736980765e+02
5.426686369752128485e+02
5.426799668200727638e+02
5.426914135630908049e+02
5.427029775590804093e+02
5.427146591628545593e+02
5.427264587292266924e+02
5.427383766130100184e+02
5.427504131690176337e+02
5.427625687520629754e+02
5.427748437169592535e+02
5.427872384185195642e+02
5.427997532115573449e+02
5.428123884508856918e+02
5.428251444913178148e+02
5.428380216876670374e+02
5.428510203947465698e+02
5.428641409673697353e+02
5.428773837603495167e+02
5.428907491284995785e+02
5.429042374266327897e+02
5.429178490095624738e+02
5.429315842321019545e+02
5.429454434490644417e+02
5.429594270152630315e+02
5.429735352855112751e+02
5.429877686146220412e+02
5.430021273574088809e+02
5.430166118686848904e+02
5.430312225032632796e+02
5.430459596159572584e+02
5.430608235615801505e+02
5.430758146949452794e+02
5.430909333708656277e+02
5.431061799441547464e+02
5.431215547696257318e+02
5.431370582020916800e+02
5.431526905963661420e+02
5.431684523072619868e+02
5.431843436895927653e+02
5.432003650981715737e+02
5.432165168878117356e+02
5.432327994133262337e+02
5.432492130295286188e+02
5.432657580912319872e+02
5.432824349532495489e+02
5.432992439703947412e+02
5.433161854974804328e+02
5.433332598893201748e+02
5.433504675007270635e+02
5.433678086865145360e+02
5.433852838014955751e+02
5.434028932004836179e+02
5.434206372382917607e+02
5.434385162697332134e+02
5.434565306496212997e+02
5.434746807327693432e+02
5.434929668739905537e+02
5.435113894280980276e+02
5.435299487499050883e+02
5.435486451942249460e+02
5.435674791158706967e+02
5.435864508696560051e+02
5.436055608103937402e+02
5.436248092928973392e+02
5.436441966719797847e+02
5.436637233024546276e+02
5.436833895391348506e+02
5.437031957368340045e+02
5.437231422503650720e+02
5.437432294345411492e+02
5.437634576441757872e+02
5.437838272340820822e+02
5.438043385590734715e+02
5.438249919739629377e+02
5.438457878335638043e+02
5.438667264926891676e+02
5.438878083061525786e+02
5.439090336287670198e+02
5.439304028153458148e+02
5.439519162207022873e+02
5.439735741996495335e+02
5.439953771070008770e+02
5.440173252975695277e+02
5.440394191261688093e+02
5.440616589476117042e+02
5.440840451167117635e+02
5.441065779882820834e+02
5.441292579171358739e+02
5.441520852580863448e+02
5.441750603659470471e+02
5.441981835955307361e+02
5.442214553016509626e+02
5.442448758391208230e+02
5.442684455627537545e+02
5.442921648273627397e+02
5.443160339877612159e+02
5.443400533987621657e+02
5.443642234151792536e+02
5.443885443918254623e+02
5.444130166835138880e+02
5.444376406450580816e+02
5.444624166312710258e+02
5.444873449969660442e+02
5.445124260969563466e+02
5.445376602860553703e+02
5.445630479190760980e+02
5.445885893508318532e+02
5.446142849361360732e+02
5.446401350298016268e+02
5.446661399866419515e+02
5.446923001614703708e+02
5.447186159090999809e+02
5.447450875843439917e+02
5.447717155420157269e+02
5.447985001369283964e+02
5.448254417238953238e+02
5.448525406577297190e+02
5.448797972932447919e+02
5.449072119852536389e+02
5.449347850885696971e+02
5.449625169580061765e+02
5.449904079483762871e+02
5.450184584144932387e+02
5.450466687111702413e+02
5.450750391932206185e+02
5.451035702154575802e+02
5.451322621326943363e+02
5.451611152997440968e+02
5.451901300714202989e+02
5.452193068025360390e+02
5.452486458479042994e+02
5.452781475623388587e+02
5.453078123006525857e+02
5.453376404176586902e+02
5.453676322681706097e+02
5.453977882070013266e+02
5.454281085889645055e+02
5.454585937688730155e+02
5.454892441015401801e+02
5.455200599417793228e+02
5.455510416444035400e+02
5.455821895642263826e+02
5.456135040560606058e+02
5.456449854747198742e+02
5.456766341750171705e+02
5.457084505117657045e+02
5.457404348397790272e+02
5.457725875138701213e+02
5.458049088888523102e+02
5.458373993195388039e+02
5.458700591607428123e+02
5.459028887672775454e+02
5.459358884939563268e+02
5.459690586955925937e+02
5.460023997269991014e+02
5.460359119429895145e+02
5.460695956983768156e+02
5.461034513479743282e+02
5.461374792465953760e+02
5.461716797490529416e+02
5.462060532101605759e+02
5.462405999847313751e+02
5.462753204275785492e+02
5.463102148935154219e+02
5.463452837373552029e+02
5.463805273139109886e+02
5.464159459779963299e+02
5.464515400844240958e+02
5.464873099880078371e+02
5.465232560435606501e+02
5.465593786058957448e+02
5.465956780298263311e+02
5.466321546701658463e+02
5.466688088817272728e+02
5.467056410193241618e+02
5.467426514377693820e+02
5.467798404918764845e+02
5.468172085364585655e+02
5.468547559263287212e+02
5.468924830163005026e+02
5.469303901611868923e+02
5.469684777158013276e+02
5.470067460349569046e+02
5.470451954734669471e+02
5.470838263861446649e+02
5.471226391278031542e+02
5.471616340532559661e+02
5.472008115173159695e+02
5.472401718747967152e+02
5.472797154805112996e+02
5.473194426892730462e+02
5.473593538558948239e+02
5.473994493351907522e+02
5.474397294819731314e+02
5.474801946510556263e+02
5.475208451972512194e+02
5.475616814753734616e+02
5.476027038402354492e+02
5.476439126466505058e+02
