5.095816483214391610e+02
5.095899267660425949e+02
5.095982089255021492e+02
5.096064947989967777e+02
5.096147843857056046e+02
5.096230776848076971e+02
5.096313746954821795e+02
5.096396754169082328e+02
5.096479798482649244e+02
5.096562879887313215e+02
5.096645998374863780e+02
5.096729153937093884e+02
5.096812346565791927e+02
5.096895576252753131e+02
5.096978842989764757e+02
5.097062146768618049e+02
5.097145487581104817e+02
5.097228865419017438e+02
5.097312280274144882e+02
5.097395732138277822e+02
5.097479221003209204e+02
5.097562746860726861e+02
5.097646309702626013e+02
5.097729909520692786e+02
5.097813546306721264e+02
5.097897220052501552e+02
5.097980930749825461e+02
5.098064678390481959e+02
5.098148462966263992e+02
5.098232284468961097e+02
5.098316142890363949e+02
5.098400038222265493e+02
5.098483970456454131e+02
5.098567939584723945e+02
5.098651945598862198e+02
5.098735988490662407e+02
5.098820068251915245e+02
5.098904184874410248e+02
5.098988338349939795e+02
5.099072528670293991e+02
5.099156755827265215e+02
5.099241019812641866e+02
5.099325320618216324e+02
5.099409658235780398e+02
5.099494032657123626e+02
5.099578443874037248e+02
5.099662891878312507e+02
5.099747376661739509e+02
5.099831898216110062e+02
5.099916456533216547e+02
5.100001051604847362e+02
5.100085683422793750e+02
5.100170351978847521e+02
5.100255057264799916e+02
5.100339799272439905e+02
5.100424577993561570e+02
5.100509393419952744e+02
5.100594245543406942e+02
5.100679134355713700e+02
5.100764059848662555e+02
5.100849022014047023e+02
5.100934020843657208e+02
5.101019056329283785e+02
5.101104128462718563e+02
5.101189237235750511e+02
5.101274382640172576e+02
5.101359564667774862e+02
5.101444783310346907e+02
5.101530038559682225e+02
5.101615330407570923e+02
5.101700658845801968e+02
5.101786023866169444e+02
5.101871425460462319e+02
5.101956863620471836e+02
5.102042338337990373e+02
5.102127849604805192e+02
5.102213397412711515e+02
5.102298981753496605e+02
5.102384602618954546e+02
5.102470260000874305e+02
5.102555953891047693e+02
5.102641684281266521e+02
5.102727451163318619e+02
5.102813254528997504e+02
5.102899094370093849e+02
5.102984970678397190e+02
5.103070883445700474e+02
5.103156832663793239e+02
5.103242818324467294e+02
5.103328840419513313e+02
5.103414898940721400e+02
5.103500993879882230e+02
5.103587125228789887e+02
5.103673292979232201e+02
5.103759497122999278e+02
5.103845737651885770e+02
5.103932014557679508e+02
5.104018327832172872e+02
5.104104677467156534e+02
5.104191063454420600e+02
5.104277485785757449e+02
5.104363944452957185e+02
5.104450439447811050e+02
5.104536970762108581e+02
5.104623538387643862e+02
5.104710142316204724e+02
5.104796782539583546e+02
5.104883459049570433e+02
5.104970171837956627e+02
5.105056920896535075e+02
5.105143706217093609e+02
5.105230527791424038e+02
5.105317385611318741e+02
5.105404279668567824e+02
5.105491209954961960e+02
5.105578176462291253e+02
5.105665179182348083e+02
5.105752218106923692e+02
5.105839293227807616e+02
5.105926404536791097e+02
5.106013552025665376e+02
5.106100735686221128e+02
5.106187955510250163e+02
5.106275211489542016e+02
5.106362503615889636e+02
5.106449831881082559e+02
5.106537196276910890e+02
5.106624596795167008e+02
5.106712033427641586e+02
5.106799506166125298e+02
5.106887015002409385e+02
5.106974559928284521e+02
5.107062140935541379e+02
5.107149758015970633e+02
5.107237411161365230e+02
5.107325100363513570e+02
5.107412825614208600e+02
5.107500586905238151e+02
5.107588384228398013e+02
5.107676217575474880e+02
5.107764086938262267e+02
5.107851992308549143e+02
5.107939933678127886e+02
5.108027911038788034e+02
5.108115924382323101e+02
5.108203973700520919e+02
5.108292058985175572e+02
5.108380180228074323e+02
5.108468337421011256e+02
5.108556530555775339e+02
5.108644759624159519e+02
5.108733024617952765e+02
5.108821325528946886e+02
5.108909662348931988e+02
5.108998035069699881e+02
5.109086443683042944e+02
5.109174888180749008e+02
5.109263368554610452e+02
5.109351884796419085e+02
5.109440436897963878e+02
5.109529024851037207e+02
5.109617648647429746e+02
5.109706308278932738e+02
5.109795003737337424e+02
5.109883735014433341e+02
5.109972502102012299e+02
5.110061304991864404e+02
5.110150143675783170e+02
5.110239018145556429e+02
5.110327928392974854e+02
5.110416874409832531e+02
5.110505856187920131e+02
5.110594873719025486e+02
5.110683926994941544e+02
5.110773016007458409e+02
5.110862140748368461e+02
5.110951301209460667e+02
5.111040497382527974e+02
5.111129729259359920e+02
5.111218996831747745e+02
5.111308300091482693e+02
5.111397639030356572e+02
5.111487013640157784e+02
5.111576423912679275e+02
5.111665869839711718e+02
5.111755351413045219e+02
5.111844868624472156e+02
5.111934421465781497e+02
5.112024009928766191e+02
5.112113634005216340e+02
5.112203293686922052e+02
5.112292988965676273e+02
5.112382719833267402e+02
5.112472486281487249e+02
5.112562288302128763e+02
5.112652125886980912e+02
5.112741999027834368e+02
5.112831907716480941e+02
5.112921851944711307e+02
5.113011831704316705e+02
5.113101846987087811e+02
5.113191897784815865e+02
5.113281984089290972e+02
5.113372105892303807e+02
5.113462263185646748e+02
5.113552455961110468e+02
5.113642684210485072e+02
5.113732947925561803e+02
5.113823247098131901e+02
5.113913581719986041e+02
5.114003951782915465e+02
5.114094357278710277e+02
5.114184798199162856e+02
5.114275274536062739e+02
5.114365786281201736e+02
5.114456333426370520e+02
5.114546915963359766e+02
5.114637533883960714e+02
5.114728187179963470e+02
5.114818875843161550e+02
5.114909599865341647e+02
5.115000359238298984e+02
5.115091153953821390e+02
5.115181984003701814e+02
5.115272849379729792e+02
5.115363750073697133e+02
5.115454686077394513e+02
5.115545657382613740e+02
5.115636663981143784e+02
5.115727705864776453e+02
5.115818783025303560e+02
5.115909895454515208e+02
5.116001043144202072e+02
5.116092226086156529e+02
5.116183444272168117e+02
5.116274697694027509e+02
5.116365986343526515e+02
5.116457310212456377e+02
5.116548669292607201e+02
5.116640063575770228e+02
5.116731493053736699e+02
5.116822957718297289e+02
5.116914457561241534e+02
5.117005992574362949e+02
5.117097562749451640e+02
5.117189168078297712e+02
5.117280808552691838e+02
5.117372484164425828e+02
5.117464194905290924e+02
5.117555940767077800e+02
5.117647721741577129e+02
5.117739537820580153e+02
5.117831388995876409e+02
5.117923275259258276e+02
5.118015196602516994e+02
5.118107153017442670e+02
5.118199144495825976e+02
5.118291171029459292e+02
5.118383232610131586e+02
5.118475329229635804e+02
5.118567460879762052e+02
5.118659627552299867e+02
5.118751829239042195e+02
5.118844065931778573e+02
5.118936337622300243e+02
5.119028644302400153e+02
5.119120985963866701e+02
5.119213362598491130e+02
5.119305774198065819e+02
5.119398220754379736e+02
5.119490702259225827e+02
5.119583218704393630e+02
5.119675770081674955e+02
5.119768356382859906e+02
5.119860977599739726e+02
5.119953633724105657e+02
5.120046324747748940e+02
5.120139050662459113e+02
5.120231811460027984e+02
5.120324607132247365e+02
5.120417437670906793e+02
5.120510303067798077e+02
5.120603203314710754e+02
5.120696138403437772e+02
5.120789108325768666e+02
5.120882113073496384e+02
5.120975152638408190e+02
5.121068227012298166e+02
5.121161336186955850e+02
5.121254480154173052e+02
5.121347658905740445e+02
5.121440872433447566e+02
5.121534120729087363e+02
5.121627403784450507e+02
5.121720721591326537e+02
5.121814074141507263e+02
5.121907461426783357e+02
5.122000883438945493e+02
5.122094340169785482e+02
5.122187831611095135e+02
5.122281357754661713e+02
5.122374918592280437e+02
5.122468514115739708e+02
5.122562144316831336e+02
5.122655809187345994e+02
5.122749508719074356e+02
5.122843242903808232e+02
5.122937011733337158e+02
5.123030815199454082e+02
5.123124653293947404e+02
5.123218526008611207e+02
5.123312433335232754e+02
5.123406375265604993e+02
5.123500351791519734e+02
5.123594362904766513e+02
5.123688408597136004e+02
5.123782488860421154e+02
5.123876603686409226e+02
5.123970753066896577e+02
5.124064936993668198e+02
5.124159155458519308e+02
5.124253408453239444e+02
5.124347695969619281e+02
5.124442017999450627e+02
5.124536374534521883e+02
5.124630765566627133e+02
5.124725191087555913e+02
5.124819651089100034e+02
5.124914145563047896e+02
5.125008674501193582e+02
5.125103237895326629e+02
5.125197835737237710e+02
5.125292468018718637e+02
5.125387134731558945e+02
5.125481835867550444e+02
5.125576571418483809e+02
5.125671341376151986e+02
5.125766145732342238e+02
5.125860984478847513e+02
5.125955857607459620e+02
5.126050765109966960e+02
5.126145706978163616e+02
5.126240683203839126e+02
5.126335693778784162e+02
5.126430738694788261e+02
5.126525817943644370e+02
5.126620931517143163e+02
5.126716079407074176e+02
5.126811261605231493e+02
5.126906478103402378e+02
5.127001728893380914e+02
5.127097013966954364e+02
5.127192333315916812e+02
5.127287686932058932e+02
5.127383074807170260e+02
5.127478496933042607e+02
5.127573953301466645e+02
5.127669443904233049e+02
5.127764968733133628e+02
5.127860527779957920e+02
5.127956121036498871e+02
5.128051748494544881e+02
5.128147410145888898e+02
5.128243105982321595e+02
5.128338835995633644e+02
5.128434600177614584e+02
5.128530398520057361e+02
5.128626231014752648e+02
5.128722097653491119e+02
5.128817998428062310e+02
5.128913933330259169e+02
5.129009902351872370e+02
5.129105905484691448e+02
5.129201942720508214e+02
5.129298014051114478e+02
5.129394119468299778e+02
5.129490258963854785e+02
5.129586432529571312e+02
5.129682640157240030e+02
5.129778881838653888e+02
5.129875157565600148e+02
5.129971467329872894e+02
5.130067811123260526e+02
5.130164188937555991e+02
5.130260600764548826e+02
5.130357046596030841e+02
5.130453526423791573e+02
5.130550040239625105e+02
5.130646588035318700e+02
5.130743169802666444e+02
5.130839785533456734e+02
5.130936435219482519e+02
5.131033118852531061e+02
5.131129836424398718e+02
5.131226587926872753e+02
5.131323373351744976e+02
5.131420192690808335e+02
5.131517045935848955e+02
5.131613933078662058e+02
5.131710854111036042e+02
5.131807809024763856e+02
5.131904797811636172e+02
5.132001820463441391e+02
5.132098876971973596e+02
5.132195967329023460e+02
5.132293091526379385e+02
5.132390249555835453e+02
5.132487441409178928e+02
5.132584667078203893e+02
5.132681926554701022e+02
5.132779219830459851e+02
5.132876546897272192e+02
5.132973907746927580e+02
5.133071302371218962e+02
5.133168730761937013e+02
5.133266192910871268e+02
5.133363688809813539e+02
5.133461218450554497e+02
5.133558781824885955e+02
5.133656378924597448e+02
5.133754009741479649e+02
5.133851674267326644e+02
5.133949372493925694e+02
5.134047104413070883e+02
5.134144870016549476e+02
5.134242669296155555e+02
5.134340502243678657e+02
5.134438368850910592e+02
5.134536269109640898e+02
5.134634203011661384e+02
5.134732170548761587e+02
5.134830171712736728e+02
5.134928206495372933e+02
5.135026274888463149e+02
5.135124376883798050e+02
5.135222512473168308e+02
5.135320681648365735e+02
5.135418884401181003e+02
5.135517120723403650e+02
5.135615390606826622e+02
5.135713694043240594e+02
5.135812031024435100e+02
5.135910401542201953e+02
5.136008805588331825e+02
5.136107243154616526e+02
5.136205714232845594e+02
5.136304218814810838e+02
5.136402756892302932e+02
5.136501328457113686e+02
5.136599933501032638e+02
5.136698572015851596e+02
5.136797243993361235e+02
5.136895949425352228e+02
5.136994688303616385e+02
5.137093460619943244e+02
5.137192266366124613e+02
5.137291105533951168e+02
5.137389978115214717e+02
5.137488884101704798e+02
5.137587823485214358e+02
5.137686796257531796e+02
5.137785802410448923e+02
5.137884841935758686e+02
5.137983914825249485e+02
5.138083021070713130e+02
5.138182160663940294e+02
5.138281333596722789e+02
5.138380539860851286e+02
5.138479779448115323e+02
5.138579052350307848e+02
5.138678358559218395e+02
5.138777698066638777e+02
5.138877070864358529e+02
5.138976476944169463e+02
5.139075916297864524e+02
5.139175388917230975e+02
5.139274894794061765e+02
5.139374433920149841e+02
5.139474006287280190e+02
5.139573611887250308e+02
5.139673250711847459e+02
5.139772922752862314e+02
5.139872628002087822e+02
5.139972366451313519e+02
5.140072138092331215e+02
5.140171942916931584e+02
5.140271780916905300e+02
5.140371652084043035e+02
5.140471556410137737e+02
5.140571493886976668e+02
5.140671464506353914e+02
5.140771468260057873e+02
5.140871505139882629e+02
5.140971575137616583e+02
5.141071678245051544e+02
5.141171814453979323e+02
5.141271983756188320e+02
5.141372186143471481e+02
5.141472421607620618e+02
5.141572690140424129e+02
5.141672991733674962e+02
5.141773326379163791e+02
5.141873694068679015e+02
5.141974094794014718e+02
5.142074528546961574e+02
5.142174995319309119e+02
5.142275495102849163e+02
5.142376027889371244e+02
5.142476593670667171e+02
5.142577192438528755e+02
5.142677824184746669e+02
5.142778488901111587e+02
5.142879186579414181e+02
5.142979917211445127e+02
5.143080680788996233e+02
5.143181477303858173e+02
5.143282306747820485e+02
5.143383169112676114e+02
5.143484064390214598e+02
5.143584992572228884e+02
5.143685953650507372e+02
5.143786947616841871e+02
5.143887974463023056e+02
5.143989034180843873e+02
5.144090126762093860e+02
5.144191252198561415e+02
5.144292410482041760e+02
5.144393601604323294e+02
5.144494825557197828e+02
5.144596082332457172e+02
5.144697371921889726e+02
5.144798694317288437e+02
5.144900049510443978e+02
5.145001437493147023e+02
5.145102858257187108e+02
5.145204311794357181e+02
5.145305798096447916e+02
5.145407317155249984e+02
5.145508868962554061e+02
5.145610453510151956e+02
5.145712070789832069e+02
5.145813720793388484e+02
5.145915403512610737e+02
5.146017118939289503e+02
5.146118867065217728e+02
5.146220647882181538e+02
5.146322461381976154e+02
5.146424307556392250e+02
5.146526186397219362e+02
5.146628097896249301e+02
5.146730042045271603e+02
5.146832018836079214e+02
5.146934028260461673e+02
5.147036070310209652e+02
5.147138144977116099e+02
5.147240252252969412e+02
5.147342392129562541e+02
5.147444564598685020e+02
5.147546769652128660e+02
5.147649007281685272e+02
5.147751277479142118e+02
5.147853580236293283e+02
5.147955915544930576e+02
5.148058283396843535e+02
5.148160683783821696e+02
5.148263116697658006e+02
5.148365582130142002e+02
5.148468080073066631e+02
5.148570610518220292e+02
5.148673173457395933e+02
5.148775768882381954e+02
5.148878396784971301e+02
5.148981057156956922e+02
5.149083749990126080e+02
5.149186475276270585e+02
5.149289233007182247e+02
5.149392023174651740e+02
5.149494845770469738e+02
5.149597700786428049e+02
5.149700588214316213e+02
5.149803508045926037e+02
5.149906460273048197e+02
5.150009444887473364e+02
5.150112461880994488e+02
5.150215511245398829e+02
5.150318592972480474e+02
5.150421707054028957e+02
5.150524853481834953e+02
5.150628032247690271e+02
5.150731243343386723e+02
5.150834486760711570e+02
5.150937762491460035e+02
5.151041070527420516e+02
5.151144410860383687e+02
5.151247783482143632e+02
5.151351188384487614e+02
5.151454625559208580e+02
5.151558094998097204e+02
5.151661596692943021e+02
5.151765130635538981e+02
5.151868696817675755e+02
5.151972295231142880e+02
5.152075925867732167e+02
5.152179588719234289e+02
5.152283283777439920e+02
5.152387011034140869e+02
5.152490770481128948e+02
5.152594562110191418e+02
5.152698385913122365e+02
5.152802241881712462e+02
5.152906130007752381e+02
5.153010050283031660e+02
5.153114002699344383e+02
5.153217987248477812e+02
5.153322003922224894e+02
5.153426052712375167e+02
5.153530133610721577e+02
5.153634246609054799e+02
5.153738391699164367e+02
5.153842568872843231e+02
5.153946778121878651e+02
5.154051019438065850e+02
5.154155292813192091e+02
5.154259598239051456e+02
5.154363935707433484e+02
5.154468305210128847e+02
5.154572706738928218e+02
5.154677140285623409e+02
5.154781605842005092e+02
5.154886103399865078e+02
5.154990632950991767e+02
5.155095194487178105e+02
5.155199788000214767e+02
5.155304413481893562e+02
5.155409070924002890e+02
5.155513760318335699e+02
5.155618481656682661e+02
5.155723234930833314e+02
5.155828020132581742e+02
5.155932837253716343e+02
5.156037686286027792e+02
5.156142567221307900e+02
5.156247480051347338e+02
5.156352424767937919e+02
5.156457401362870314e+02
5.156562409827934061e+02
5.156667450154920971e+02
5.156772522335622853e+02
5.156877626361829243e+02
5.156982762225331953e+02
5.157087929917920519e+02
5.157193129431389025e+02
5.157298360757525870e+02
5.157403623888122866e+02
5.157508918814970684e+02
5.157614245529858863e+02
5.157719604024580349e+02
5.157824994290924678e+02
5.157930416320684799e+02
5.158035870105650247e+02
5.158141355637610559e+02
5.158246872908359819e+02
5.158352421909686427e+02
5.158458002633383330e+02
5.158563615071240065e+02
5.158669259215047305e+02
5.158774935056595723e+02
5.158880642587678267e+02
5.158986381800084473e+02
5.159092152685606152e+02
5.159197955236031703e+02
5.159303789443155210e+02
5.159409655298766211e+02
5.159515552794656514e+02
5.159621481922615658e+02
5.159727442674434315e+02
5.159833435041905432e+02
5.159939459016818546e+02
5.160045514590965468e+02
5.160151601756135733e+02
5.160257720504120016e+02
5.160363870826712400e+02
5.160470052715701286e+02
5.160576266162877346e+02
5.160682511160032391e+02
5.160788787698958231e+02
5.160895095771443266e+02
5.161001435369281580e+02
5.161107806484260436e+02
5.161214209108173918e+02
5.161320643232812699e+02
5.161427108849966316e+02
5.161533605951425443e+02
5.161640134528983026e+02
5.161746694574428602e+02
5.161853286079553982e+02
5.161959909036147565e+02
5.162066563436002298e+02
5.162173249270911128e+02
5.162279966532661319e+02
5.162386715213045818e+02
5.162493495303855298e+02
5.162600306796879295e+02
5.162707149683910757e+02
5.162814023956739220e+02
5.162920929607157632e+02
5.163027866626954392e+02
5.163134835007920174e+02
5.163241834741850198e+02
5.163348865820531728e+02
5.163455928235755437e+02
5.163563021979313135e+02
5.163670147042996632e+02
5.163777303418595466e+02
5.163884491097901446e+02
5.163991710072706383e+02
5.164098960334799813e+02
5.164206241875972410e+02
5.164313554688014847e+02
5.164420898762720071e+02
5.164528274091876483e+02
5.164635680667278166e+02
5.164743118480713520e+02
5.164850587523974355e+02
5.164958087788851344e+02
5.165065619267135162e+02
5.165173181950617618e+02
5.165280775831090523e+02
5.165388400900341139e+02
5.165496057150163551e+02
5.165603744572348432e+02
5.165711463158686456e+02
5.165819212900967159e+02
5.165926993790982351e+02
5.166034805820524980e+02
5.166142648981382308e+02
5.166250523265348420e+02
5.166358428664211715e+02
5.166466365169766277e+02
5.166574332773799370e+02
5.166682331468105076e+02
5.166790361244472933e+02
5.166898422094693615e+02
5.167006514010557794e+02
5.167114636983858418e+02
5.167222791006382749e+02
5.167330976069926010e+02
5.167439192166276598e+02
5.167547439287225188e+02
5.167655717424563591e+02
5.167764026570083615e+02
5.167872366715574799e+02
5.167980737852827815e+02
5.168089139973634474e+02
5.168197573069785449e+02
5.168306037133072550e+02
5.168414532155286452e+02
5.168523058128215553e+02
5.168631615043653937e+02
5.168740202893391142e+02
5.168848821669218978e+02
5.168957471362928118e+02
5.169066151966308098e+02
5.169174863471150729e+02
5.169283605869247822e+02
5.169392379152388912e+02
5.169501183312365811e+02
5.169610018340969191e+02
5.169718884229990863e+02
5.169827780971220363e+02
5.169936708556449503e+02
5.170045666977468954e+02
5.170154656226069392e+02
5.170263676294042625e+02
5.170372727173178191e+02
5.170481808855267900e+02
5.170590921332102425e+02
5.170700064595473577e+02
5.170809238637170893e+02
5.170918443448986181e+02
5.171027679022710117e+02
5.171136945350134511e+02
5.171246242423048898e+02
5.171355570233245089e+02
5.171464928772512621e+02
5.171574318032645579e+02
5.171683738005431223e+02
5.171793188682662503e+02
5.171902670056130091e+02
5.172012182117624661e+02
5.172121724858939160e+02
5.172231298271859714e+02
5.172340902348181544e+02
5.172450537079695323e+02
5.172560202458189451e+02
5.172669898475458012e+02
5.172779625123288270e+02
5.172889382393474307e+02
5.172999170277805661e+02
5.173108988768073004e+02
5.173218837856069285e+02
5.173328717533582903e+02
5.173438627792405669e+02
5.173548568624329391e+02
5.173658540021143608e+02
5.173768541974641266e+02
5.173878574476610765e+02
5.173988637518843916e+02
5.174098731093133665e+02
5.174208855191267276e+02
5.174319009805039968e+02
5.174429194926239006e+02
5.174539410546656200e+02
5.174649656658084496e+02
5.174759933252312294e+02
5.174870240321131405e+02
5.174980577856333639e+02
5.175090945849709669e+02
5.175201344293047896e+02
5.175311773178143540e+02
5.175422232496785000e+02
5.175532722240764087e+02
5.175643242401869202e+02
5.175753792971895564e+02
5.175864373942630436e+02
5.175974985305865630e+02
5.176085627053394091e+02
5.176196299177004221e+02
5.176307001668488965e+02
5.176417734519636724e+02
5.176528497722241582e+02
5.176639291268093075e+02
5.176750115148981877e+02
5.176860969356698661e+02
5.176971853883034100e+02
5.177082768719781143e+02
5.177193713858728188e+02
5.177304689291668183e+02
5.177415695010390664e+02
5.177526731006686305e+02
5.177637797272348053e+02
5.177748893799166581e+02
5.177860020578930289e+02
5.177971177603430988e+02
5.178082364864461624e+02
5.178193582353811735e+02
5.178304830063271993e+02
5.178416107984634209e+02
5.178527416109689057e+02
5.178638754430226072e+02
5.178750122938038203e+02
5.178861521624916122e+02
5.178972950482649367e+02
5.179084409503029747e+02
5.179195898680998198e+02
5.179307418048108502e+02
5.179418967659536293e+02
5.179530547570849421e+02
5.179642157837619152e+02
5.179753798515414474e+02
5.179865469659805512e+02
5.179977171326360121e+02
5.180088903570647290e+02
5.180200666448239417e+02
5.180312460014702083e+02
5.180424284325608824e+02
5.180536139436525218e+02
5.180648025403023667e+02
5.180759942280670884e+02
5.180871890125036998e+02
5.180983868991693271e+02
5.181095878936208692e+02
5.181207920014151114e+02
5.181319992281090663e+02
5.181432095792595192e+02
5.181544230604235963e+02
5.181656396771583104e+02
5.181768594350205603e+02
5.181880823395671314e+02
5.181993083963549225e+02
5.182105376109411736e+02
5.182217699888826701e+02
5.182330055357361971e+02
5.182442442570588810e+02
5.182554861584076207e+02
5.182667312453393151e+02
5.182779795234109770e+02
5.182892309981795051e+02
5.183004856752017986e+02
5.183117435600347562e+02
5.183230046582355044e+02
5.183342689753608283e+02
5.183455365169678544e+02
5.183568072886131404e+02
5.183680812958539263e+02
5.183793585442472249e+02
5.183906390393498214e+02
5.184019227867187283e+02
5.184132097919106172e+02
5.184245000604828419e+02
5.184357935979919603e+02
5.184470904099952122e+02
5.184583905020494967e+02
5.184696938797115990e+02
5.184810005485385318e+02
5.184923105140874213e+02
5.185036237819148255e+02
5.185149403575778706e+02
5.185262602466335693e+02
5.185375834546389342e+02
5.185489099871505232e+02
5.185602398497256900e+02
5.185715730479212198e+02
5.185829095872938979e+02
5.185942494734010779e+02
5.186055927117990905e+02
5.186169393080456302e+02
5.186282892676969141e+02
5.186396425963102956e+02
5.186509992994425602e+02
5.186623593826507204e+02
5.186737228514917888e+02
5.186850897115225507e+02
5.186964599682999051e+02
5.187078336273809782e+02
5.187192106943225554e+02
5.187305911746818765e+02
5.187419750740154996e+02
5.187533623978804371e+02
5.187647531518338155e+02
5.187761473414323063e+02
5.187875449722331496e+02
5.187989460497932441e+02
5.188103505796691479e+02
5.188217585674183283e+02
5.188331700185974569e+02
5.188445849387633189e+02
5.188560033334731543e+02
5.188674252082837484e+02
5.188788505687521138e+02
5.188902794204350357e+02
5.189017117688896406e+02
5.189131476196729409e+02
5.189245869783416083e+02
5.189360298504525417e+02
5.189474762415629812e+02
5.189589261572298255e+02
5.189703796030098601e+02
5.189818365844599839e+02
5.189932971071373231e+02
5.190047611765986630e+02
5.190162287984010163e+02
5.190276999781015093e+02
5.190391747212565861e+02
5.190506530334237141e+02
5.190621349201593375e+02
5.190736203870209238e+02
5.190851094395651444e+02
5.190966020833487846e+02
5.191080983239291982e+02
5.191195981668627155e+02
5.191311016177070314e+02
5.191426086820184764e+02
5.191541193653541768e+02
5.191656336732711452e+02
5.191771516113262805e+02
5.191886731850763681e+02
5.192001984000787616e+02
5.192117272618897914e+02
5.192232597760671524e+02
5.192347959481670614e+02
5.192463357837469857e+02
5.192578792883637107e+02
5.192694264675737941e+02
5.192809773269347033e+02
5.192925318720029964e+02
5.193040901083360268e+02
5.193156520414903525e+02
5.193272176770230999e+02
5.193387870204910541e+02
5.193503600774514553e+02
5.193619368534609748e+02
5.193735173540766255e+02
5.193851015848554198e+02
5.193966895513540294e+02
5.194082812591298079e+02
5.194198767137395407e+02
5.194314759207398993e+02
5.194430788856880099e+02
5.194546856141408853e+02
5.194662961116553106e+02
5.194779103837887533e+02
5.194895284360973164e+02
5.195011502741385812e+02
5.195127759034692190e+02
5.195244053296460152e+02
5.195360385582263234e+02
5.195476755947668153e+02
5.195593164448245034e+02
5.195709611139562867e+02
5.195826096077190641e+02
5.195942619316697346e+02
5.196059180913654245e+02
5.196175780923631464e+02
5.196292419402194582e+02
5.196409096404917136e+02
5.196525811987364705e+02
5.196642566205109688e+02
5.196759359113719938e+02
5.196876190768765582e+02
5.196993061225815609e+02
5.197109970540439008e+02
5.197226918768208179e+02
5.197343905964686428e+02
5.197460932185448428e+02
5.197577997486062031e+02
5.197695101922096228e+02
5.197812245549121144e+02
5.197929428422704632e+02
5.198046650598417955e+02
5.198163912131830102e+02
5.198281213078508927e+02
5.198398553494027965e+02
5.198515933433950522e+02
5.198633352953850135e+02
5.198750812109294657e+02
5.198868310955854213e+02
5.198985849549098930e+02
5.199103427944596660e+02
5.199221046197917531e+02
5.199338704364629393e+02
5.199456402500305785e+02
5.199574140660511148e+02
5.199691918900817882e+02
5.199809737276794976e+02
5.199927595844010284e+02
5.200045494658036205e+02
5.200163433774439454e+02
5.200281413248790159e+02
5.200399433136657308e+02
5.200517493493612164e+02
5.200635594375222581e+02
5.200753735837057548e+02
5.200871917934688327e+02
5.200990140723681634e+02
5.201108404259608733e+02
5.201226708598039750e+02
5.201345053794542537e+02
5.201463439904684947e+02
5.201581866984040516e+02
5.201700335088175962e+02
5.201818844272661408e+02
5.201937394593064710e+02
5.202055986104958265e+02
5.202174618863908790e+02
5.202293292925487549e+02
5.202412008345261256e+02
5.202530765178802312e+02
5.202649563481679706e+02
5.202768403309460155e+02
5.202887284717716057e+02
5.203006207762015265e+02
5.203125172497927906e+02
5.203244178981024106e+02
5.203363227266870581e+02
5.203482317411039730e+02
5.203601449469098270e+02
5.203720623496617463e+02
5.203839839549166300e+02
5.203959097682314905e+02
5.204078397951631132e+02
5.204197740412683970e+02
5.204317125121044683e+02
5.204436552132282259e+02
5.204556021501965688e+02
5.204675533285663960e+02
5.204795087538947200e+02
5.204914684317384399e+02
5.205034323676546819e+02
5.205154005671998902e+02
5.205273730359316460e+02
5.205393497794063933e+02
5.205513308031812585e+02
5.205633161128132542e+02
5.205753057138591657e+02
5.205872996118760057e+02
5.205992978124206729e+02
5.206113003210502939e+02
5.206233071433214263e+02
5.206353182847914240e+02
5.206473337510170722e+02
5.206593535475551562e+02
5.206713776799629159e+02
5.206834061537969092e+02
5.206954389746143761e+02
5.207074761479723293e+02
5.207195176794273266e+02
5.207315635745367217e+02
5.207436138388570726e+02
5.207556684779453917e+02
5.207677274973590329e+02
5.207797909026545540e+02
5.207918586993889676e+02
5.208039308931191727e+02
5.208160074894021818e+02
5.208280884937950077e+02
5.208401739118544356e+02
5.208522637491374780e+02
5.208643580112009204e+02
5.208764567036020026e+02
5.208885598318973962e+02
5.209006674016443412e+02
5.209127794183993956e+02
5.209248958877196856e+02
5.209370168151622238e+02
5.209491422062837955e+02
5.209612720666415271e+02
5.209734064017922037e+02
5.209855452172929517e+02
5.209976885187004427e+02
5.210098363115718030e+02
5.210219886014638178e+02
5.210341453939336134e+02
5.210463066945380888e+02
5.210584725088341429e+02
5.210706428423786747e+02
5.210828177007285831e+02
5.210949970894409944e+02
5.211071810140726939e+02
5.211193694801805805e+02
5.211315624933218942e+02
5.211437600590531929e+02
5.211559621829316029e+02
5.211681688705141369e+02
5.211803801273575800e+02
5.211925959590189450e+02
5.212048163710551307e+02
5.212170413690232635e+02
5.212292709584800150e+02
5.212415051449823977e+02
5.212537439340874243e+02
5.212659873313519938e+02
5.212782353423331188e+02
5.212904879725876981e+02
5.213027452276725171e+02
5.213150071131447021e+02
5.213272736345610383e+02
5.213395447974787658e+02
5.213518206074545560e+02
5.213641010700453080e+02
5.213763861908082617e+02
5.213886759752999751e+02
5.214009704290775744e+02
5.214132695576981860e+02
5.214255733667183677e+02
5.214378818616953595e+02
5.214501950481859467e+02
5.214625129317471419e+02
5.214748355179360715e+02
5.214871628123091796e+02
5.214994948204237062e+02
5.215118315478366640e+02
5.215241730001049518e+02
5.215365191827854687e+02
5.215488701014351136e+02
5.215612257616107854e+02
5.215735861688696104e+02
5.215859513287682603e+02
5.215983212468639749e+02
5.216106959287135396e+02
5.216230753798738533e+02
5.216354596059020423e+02
5.216478486123547782e+02
5.216602424047891873e+02
5.216726409887622822e+02
5.216850443698307345e+02
5.216974525535516705e+02
5.217098655454818754e+02
5.217222833511785893e+02
5.217347059761984838e+02
5.217471334260985714e+02
5.217595657064357511e+02
5.217720028227670355e+02
5.217844447806493235e+02
5.217968915856396279e+02
5.218093432432947338e+02
5.218217997591717676e+02
5.218342611388275145e+02
5.218467273878191008e+02
5.218591985117031982e+02
5.218716745160370465e+02
5.218841554063774311e+02
5.218966411882810235e+02
5.219091318673052911e+02
5.219216274490069054e+02
5.219341279386243286e+02
5.219466333222942467e+02
5.219591435565456550e+02
5.219716585953595995e+02
5.219841783927181496e+02
5.219967029026028058e+02
5.220092320789952964e+02
5.220217658758773496e+02
5.220343042472305797e+02
5.220468471470366012e+02
5.220593945292772560e+02
5.220719463479340448e+02
5.220845025569886957e+02
5.220970631104229369e+02
5.221096279622183829e+02
5.221221970663566481e+02
5.221347703768195743e+02
5.221473478475886623e+02
5.221599294326457539e+02
5.221725150859724636e+02
5.221851047615502921e+02
5.221976984133609676e+02
5.222102959953865593e+02
5.222228974616081132e+02
5.222355027660078122e+02
5.222481118625669296e+02
5.222607247052673074e+02
5.222733412480907873e+02
5.222859614450188701e+02
5.222985852500333976e+02
5.223112126171156433e+02
5.223238435002475626e+02
5.223364778534107700e+02
5.223491156305871073e+02
5.223617567857580752e+02
5.223744012729054020e+02
5.223870490460105884e+02
5.223997000590555899e+02
5.224123542660217936e+02
5.224250116208912686e+02
5.224376720776451748e+02
5.224503355902655812e+02
5.224630021127338750e+02
5.224756715990321254e+02
5.224883440031414921e+02
5.225010192790441579e+02
5.225136973807213963e+02
5.225263782621550490e+02
5.225390618773267306e+02
5.225517481802182829e+02
5.225644371248112066e+02
5.225771286650871161e+02
5.225898227550278534e+02
5.226025193486150329e+02
5.226152183998302689e+02
5.226279198626554034e+02
5.226406236910718235e+02
5.226533298390614846e+02
5.226660382606058874e+02
5.226787489096867603e+02
5.226914617402857175e+02
5.227041767063843736e+02
5.227168937619646840e+02
5.227296128610082633e+02
5.227423339574963848e+02
5.227550570054112313e+02
5.227677819587341901e+02
5.227805087714467618e+02
5.227932373975311293e+02
5.228059677909685661e+02
5.228186999057409139e+02
5.228314336958296735e+02
5.228441691152166868e+02
5.228569061178835682e+02
5.228696446578120458e+02
5.228823846889837341e+02
5.228951261653802476e+02
5.229078690409833143e+02
5.229206132697746625e+02
5.229333588057359066e+02
5.229461056028486610e+02
5.229588536150947675e+02
5.229716027964556133e+02
5.229843531009132676e+02
5.229971044824491173e+02
5.230098568950448907e+02
5.230226102926823160e+02
5.230353646293428937e+02
5.230481198590085796e+02
5.230608759356607607e+02
5.230736328132812787e+02
5.230863904458517482e+02
5.230991487873538972e+02
5.231119077917693403e+02
5.231246674130796919e+02
5.231374276052670211e+02
5.231501883223123741e+02
5.231629495181978200e+02
5.231757111469048596e+02
5.231884731624153346e+02
5.232012355187108597e+02
5.232139981697729354e+02
5.232267610695834037e+02
5.232395241721239927e+02
5.232522874313762031e+02
5.232650508013218769e+02
5.232778142359426283e+02
5.232905776892200720e+02
5.233033411151358223e+02
5.233161044676717211e+02
5.233288677008093828e+02
5.233416307685304218e+02
5.233543936248163391e+02
5.233671562236494310e+02
5.233799185190105163e+02
5.233926804648820053e+02
5.234054420152451712e+02
5.234182031240818560e+02
5.234309637453735604e+02
5.234437238331020126e+02
5.234564833412490543e+02
5.234692422237959590e+02
5.234820004347249096e+02
5.234947579280172931e+02
5.235075146576548377e+02
5.235202705776192715e+02
5.235330256418919816e+02
5.235457798044549236e+02
5.235585330192898255e+02
5.235712852403781881e+02
5.235840364217018532e+02
5.235967865172420943e+02
5.236095354809809805e+02
5.236222832669001264e+02
5.236350298289810326e+02
5.236477751212056546e+02
5.236605190975553796e+02
5.236732617120119357e+02
5.236860029185571648e+02
5.236987426711724538e+02
5.237114809238398720e+02
5.237242176305406929e+02
5.237369527452567581e+02
5.237496862219696823e+02
5.237624180146614208e+02
5.237751480773133608e+02
5.237878763639072304e+02
5.238006028284245303e+02
5.238133274248472162e+02
5.238260501071569024e+02
5.238387708293350897e+02
5.238514895453638474e+02
5.238642062092242213e+02
5.238769207748985082e+02
5.238896331963679813e+02
5.239023434276143689e+02
5.239150514226196265e+02
5.239277571353651410e+02
5.239404605198325271e+02
5.239531615300037402e+02
5.239658601198600536e+02
5.239785562433836503e+02
5.239912498545556900e+02
5.240039409073582419e+02
5.240166293557729205e+02
5.240293151537811127e+02
5.240419982553648879e+02
5.240546786145055194e+02
5.240673561851848490e+02
5.240800309213847186e+02
5.240927027770866289e+02
5.241053717062721944e+02
5.241180376629232569e+02
5.241307006010213172e+02
5.241433604745482171e+02
5.241560172374854574e+02
5.241686708438148798e+02
5.241813212475179853e+02
5.241939684025766155e+02
5.242066122629723850e+02
5.242192527826866808e+02
5.242318899157017995e+02
5.242445236159986734e+02
5.242571538375595992e+02
5.242697805343659638e+02
5.242824036603994955e+02
5.242950231696418086e+02
5.243076390160746314e+02
5.243202511536795782e+02
5.243328595364384910e+02
5.243454641183326430e+02
5.243580648533442172e+02
5.243706616954546007e+02
5.243832545986455216e+02
5.243958435168984806e+02
5.244084284041953197e+02
5.244210092145177668e+02
5.244335859018475503e+02
5.244461584201660571e+02
5.244587267234551291e+02
5.244712907656964944e+02
5.244838505008716538e+02
5.244964058829624491e+02
5.245089568659506085e+02
5.245215034038175190e+02
5.245340454505451362e+02
5.245465829601149608e+02
5.245591158865086072e+02
5.245716441837080311e+02
5.245841678056946193e+02
5.245966867064501002e+02
5.246092008399564293e+02
5.246217101601948798e+02
5.246342146211472937e+02
5.246467141767953990e+02
5.246592087811208103e+02
5.246716983881052556e+02
5.246841829517302358e+02
5.246966624259775926e+02
5.247091367648289406e+02
5.247216059222660078e+02
5.247340698522704088e+02
5.247465285088237579e+02
5.247589818459077833e+02
5.247714298175042131e+02
5.247838723775946619e+02
5.247963094801608577e+02
5.248087410791844150e+02
5.248211671286469482e+02
5.248335875825302992e+02
5.248460023948159687e+02
5.248584115194856849e+02
5.248708149105211760e+02
5.248832125219040563e+02
5.248956043076160540e+02
5.249079902216387836e+02
5.249203702179539732e+02
5.249327442505431236e+02
5.249451122733881903e+02
5.249574742404706740e+02
5.249698301057721892e+02
5.249821798232745778e+02
5.249945233469592267e+02
5.250068606308082053e+02
5.250191916288030143e+02
5.250315162949251544e+02
5.250438345831564675e+02
5.250561464474785680e+02
5.250684518418732978e+02
5.250807507203220439e+02
5.250930430368066482e+02
5.251053287453089524e+02
5.251176077998102301e+02
5.251298801542923229e+02
5.251421457627370728e+02
5.251544045791258668e+02
5.251666565574406604e+02
5.251789016516629545e+02
5.251911398157744770e+02
5.252033710037567289e+02
5.252155951695916656e+02
5.252278122672609015e+02
5.252400222507459375e+02
5.252522250740285017e+02
5.252644206910903222e+02
5.252766090559130134e+02
5.252887901224785310e+02
5.253009638447681482e+02
5.253131301767637069e+02
5.253252890724468216e+02
5.253374404857993341e+02
5.253495843708026314e+02
5.253617206814386691e+02
5.253738493716889479e+02
5.253859703955351961e+02
5.253980837069590279e+02
5.254101892599421717e+02
5.254222870084663555e+02
5.254343769065131937e+02
5.254464589080643009e+02
5.254585329671014051e+02
5.254705990376062346e+02
5.254826570735604037e+02
5.254947070289455269e+02
5.255067488577433323e+02
5.255187825139355482e+02
5.255308079515036752e+02
5.255428251244297826e+02
5.255548339866949163e+02
5.255668344922812594e+02
5.255788265951703124e+02
5.255908102493438037e+02
5.256027854087833475e+02
5.256147520274705585e+02
5.256267100593871646e+02
5.256386594585148941e+02
5.256506001788353615e+02
5.256625321743301811e+02
5.256744553989811948e+02
5.256863698067699033e+02
5.256982753516780349e+02
5.257101719876873176e+02
5.257220596687794796e+02
5.257339383489360216e+02
5.257458079821385581e+02
5.257576685223690447e+02
5.257695199236088683e+02
5.257813621398399846e+02
5.257931951250438942e+02
5.258050188332022117e+02
5.258168332182967788e+02
5.258286382343090963e+02
5.258404338352208924e+02
5.258522199750138952e+02
5.258639966076698329e+02
5.258757636871702061e+02
5.258875211674967431e+02
5.258992690026311720e+02
5.259110071465551073e+02
5.259227355532503907e+02
5.259344541766984094e+02
5.259461629708810051e+02
5.259578618897799061e+02
5.259695508873766130e+02
5.259812299176528541e+02
5.259928989345904711e+02
5.260045578921708511e+02
5.260162067443758360e+02
5.260278454451871539e+02
5.260394739485864193e+02
5.260510922085552465e+02
5.260627001790752502e+02
5.260742978141283857e+02
5.260858850676959264e+02
5.260974618937598279e+02
5.261090282463018184e+02
5.261205840793032849e+02
5.261321293467461828e+02
5.261436640026118994e+02
5.261551880008825037e+02
5.261667012955392693e+02
5.261782038405640378e+02
5.261896955899384238e+02
5.262011764976441555e+02
5.262126465176630745e+02
5.262241056039765681e+02
5.262355537105663643e+02
5.262469907914140776e+02
5.262584168005016636e+02
5.262698316918106229e+02
5.262812354193225701e+02
5.262926279370192333e+02
5.263040091988823406e+02
5.263153791588933927e+02
5.263267377710342316e+02
5.263380849892864717e+02
5.263494207676317274e+02
5.263607450600519542e+02
5.263720578205284255e+02
5.263833590030429832e+02
5.263946485615773554e+02
5.264059264501131565e+02
5.264171926226320011e+02
5.264284470331156172e+02
5.264396896355458466e+02
5.264509203839039628e+02
5.264621392321719213e+02
5.264733461343314502e+02
5.264845410443641640e+02
5.264957239162516771e+02
5.265068947039754903e+02
5.265180533615175591e+02
5.265291998428594979e+02
5.265403341019829213e+02
5.265514560928695573e+02
5.265625657695010204e+02
5.265736630858589251e+02
5.265847479959249995e+02
5.265958204536810854e+02
5.266068804131086836e+02
5.266179278281894085e+02
5.266289626529049883e+02
5.266399848412371512e+02
5.266509943471676252e+02
5.266619911246777974e+02
5.266729751277497371e+02
5.266839463103647176e+02
5.266949046265048082e+02
5.267058500301512822e+02
5.267167824752862089e+02
5.267277019158908615e+02
5.267386083059473094e+02
5.267495015994369396e+02
5.267603817503414803e+02
5.267712487126426595e+02
5.267821024403222054e+02
5.267929428873616189e+02
5.268037700077426280e+02
5.268145837554469608e+02
5.268253840844563456e+02
5.268361709487522830e+02
5.268469443023165013e+02
5.268577040991309559e+02
5.268684502931768066e+02
5.268791828384361224e+02
5.268899016888904043e+02
5.269006067985213804e+02
5.269112981213106650e+02
5.269219756112399864e+02
5.269326392222910727e+02
5.269432889084455383e+02
5.269539246236849976e+02
5.269645463219911790e+02
5.269751539573455830e+02
5.269857474837302789e+02
5.269963268551265401e+02
5.270068920255163221e+02
5.270174429488811256e+02
5.270279795792026789e+02
5.270385018704625963e+02
5.270490097766427198e+02
5.270595032517245500e+02
5.270699822496898150e+02
5.270804467245201295e+02
5.270908966301972214e+02
5.271013319207028189e+02
5.271117525500185366e+02
5.271221584721259887e+02
5.271325496410070173e+02
5.271429260106431229e+02
5.271532875350159202e+02
5.271636341681073645e+02
5.271739658638989567e+02
5.271842825763721976e+02
5.271945842595091563e+02
5.272048708672912198e+02
5.272151423537001165e+02
5.272253986727174606e+02
5.272356397783250941e+02
5.272458656245045177e+02
5.272560761652375732e+02
5.272662713545056477e+02
5.272764511462906967e+02
5.272866154945742210e+02
5.272967643533381761e+02
5.273068976765637217e+02
5.273170154182330407e+02
5.273271175323275202e+02
5.273372039728290019e+02
5.273472746937188731e+02
5.273573296489792028e+02
5.273673687925913782e+02
5.273773920785371274e+02
5.273873994607981786e+02
5.273973908933562598e+02
5.274073663301927581e+02
5.274173257252896292e+02
5.274272690326284874e+02
5.274371962061909471e+02
5.274471071999587366e+02
5.274570019679133566e+02
5.274668804640367625e+02
5.274767426423104553e+02
5.274865884567161629e+02
5.274964178612354999e+02
5.275062308098500807e+02
5.275160272565417472e+02
5.275258071552921137e+02
5.275355704600827949e+02
5.275453171248955186e+02
5.275550471037120133e+02
5.275647603505137795e+02
5.275744568192826591e+02
5.275841364640000393e+02
5.275937992386479891e+02
5.276034450972080094e+02
5.276130739936617147e+02
5.276226858819907193e+02
5.276322807161769788e+02
5.276418584502018803e+02
5.276514190380471518e+02
5.276609624336945217e+02
5.276704885911257179e+02
5.276799974643222413e+02
5.276894890072659337e+02
5.276989631739384095e+02
5.277084199183213968e+02
5.277178591943963966e+02
5.277272809561452505e+02
5.277366851575495730e+02
5.277460717525909786e+02
5.277554406952510817e+02
5.277647919395119516e+02
5.277741254393547479e+02
5.277834411487614261e+02
5.277927390217136008e+02
5.278020190121928863e+02
5.278112810741811245e+02
5.278205251616599298e+02
5.278297512286108031e+02
5.278389592290154724e+02
5.278481491168558932e+02
5.278573208461133390e+02
5.278664743707696516e+02
5.278756096448065591e+02
5.278847266222056760e+02
5.278938252569486167e+02
5.279029055030172231e+02
5.279119673143929958e+02
5.279210106450577769e+02
5.279300354489929532e+02
5.279390416801804804e+02
5.279480292926019729e+02
5.279569982402390451e+02
5.279659484770734252e+02
5.279748799570866140e+02
5.279837926342604533e+02
5.279926864625765575e+02
5.280015613960167684e+02
5.280104173885624732e+02
5.280192543941955137e+02
5.280280723668975043e+02
5.280368712606500594e+02
5.280456510294350210e+02
5.280544116272340034e+02
5.280631530080285074e+02
5.280718751258004886e+02
5.280805779345314477e+02
5.280892613882029991e+02
5.280979254407969847e+02
5.281065700462950190e+02
5.281151951586786026e+02
5.281238007319296912e+02
5.281323867200296718e+02
5.281409530769604999e+02
5.281494997567036762e+02
5.281580267132408153e+02
5.281665339005537589e+02
5.281750212726240079e+02
5.281834887834334040e+02
5.281919363869635617e+02
5.282003640371960955e+02
5.282087716881126198e+02
5.282171592936952038e+02
5.282255268079248935e+02
5.282338741847838719e+02
5.282422013782534123e+02
5.282505083423156975e+02
5.282587950309518874e+02
5.282670613981439374e+02
5.282753073978733482e+02
5.282835329841220755e+02
5.282917381108715063e+02
5.282999227321033686e+02
5.283080868017993907e+02
5.283162302739413008e+02
5.283243531025107131e+02
5.283324552414892423e+02
5.283405366448586165e+02
5.283485972666005637e+02
5.283566370606965847e+02
5.283646559811285215e+02
5.283726539818779884e+02
5.283806310169265998e+02
5.283885870402561977e+02
5.283965220058482828e+02
5.284044358676845832e+02
5.284123285797467133e+02
5.284202000960164014e+02
5.284280503704754892e+02
5.284358793571052502e+02
5.284436870098877534e+02
5.284514732828044998e+02
5.284592381298371038e+02
5.284669815049672934e+02
5.284747033621767969e+02
5.284824036554471149e+02
5.284900823387602031e+02
5.284977393660974485e+02
5.285053746914406929e+02
5.285129882687715508e+02
5.285205800520716366e+02
5.285281499953227922e+02
5.285356980525066319e+02
5.285432241776046567e+02
5.285507283245987082e+02
5.285582104474704010e+02
5.285656705002014633e+02
5.285731084367735093e+02
5.285805242111682674e+02
5.285879177773672382e+02
5.285952890893524909e+02
5.286026381011051853e+02
5.286099647666072769e+02
5.286172690398404939e+02
5.286245508747863369e+02
5.286318102254266478e+02
5.286390470457429274e+02
5.286462612897169038e+02
5.286534529113304188e+02
5.286606218645648596e+02
5.286677681034020679e+02
5.286748915818237720e+02
5.286819922538114724e+02
5.286890700733468975e+02
5.286961249944118890e+02
5.287031569709878340e+02
5.287101659570565744e+02
5.287171519065998382e+02
5.287241147735991262e+02
5.287310545120362804e+02
5.287379710758928013e+02
5.287448644191505309e+02
5.287517344957909700e+02
5.287585812597960739e+02
5.287654046651471162e+02
5.287722046658261661e+02
5.287789812158146106e+02
5.287857342690940641e+02
5.287924637796465959e+02
5.287991697014535930e+02
5.288058519884966699e+02
5.288125105947576685e+02
5.288191454742180895e+02
5.288257565808598883e+02
5.288323438686644522e+02
5.288389072916136229e+02
5.288454468036889011e+02
5.288519623588721288e+02
5.288584539111448066e+02
5.288649214144888902e+02
5.288713648228857664e+02
5.288777840903171636e+02
5.288841791707649236e+02
5.288905500182105470e+02
5.288968965866357621e+02
5.289032188300222970e+02
5.289095167023516524e+02
5.289157901576056702e+02
5.289220391497660785e+02
5.289282636328142644e+02
5.289344635607321834e+02
5.289406388875013363e+02
5.289467895671034512e+02
5.289529155535202563e+02
5.289590168007332522e+02
5.289650932627243947e+02
5.289711448934750706e+02
5.289771716469671219e+02
5.289831734771821630e+02
5.289891503381019220e+02
5.289951021837080134e+02
5.290010289679820517e+02
5.290069306449057649e+02
5.290128071684608813e+02
5.290186584926291289e+02
5.290244845713920085e+02
5.290302853587312484e+02
5.290360608086284628e+02
5.290418108750654937e+02
5.290475355120238419e+02
5.290532346734853490e+02
5.290589083134315160e+02
5.290645563858440710e+02
5.290701788447047420e+02
5.290757756439952573e+02
5.290813467376970038e+02
5.290868920797920509e+02
5.290924116242617856e+02
5.290979053250879360e+02
5.291033731362522303e+02
5.291088150117362829e+02
5.291142309055218220e+02
5.291196207715904620e+02
5.291249845639239311e+02
5.291303222365038437e+02
5.291356337433118142e+02
5.291409190383297982e+02
5.291461780755391828e+02
5.291514108089216961e+02
5.291566171924590662e+02
5.291617971801329077e+02
5.291669507259249485e+02
5.291720777838166896e+02
5.291771783077902001e+02
5.291822522518267533e+02
5.291872995699083049e+02
5.291923202160162418e+02
5.291973141441325197e+02
5.292022813082386392e+02
5.292072216623163285e+02
5.292121351603472021e+02
5.292170217563131018e+02
5.292218814041954147e+02
5.292267140579760962e+02
5.292315196716366472e+02
5.292362981991586821e+02
5.292410495945241564e+02
5.292457738117144572e+02
5.292504708047113127e+02
5.292551405274965646e+02
5.292597829340516000e+02
5.292643979783583745e+02
5.292689856143985025e+02
5.292735457961534848e+02
5.292780784776051632e+02
5.292825836127350385e+02
5.292870611555249525e+02
5.292915110599566333e+02
5.292959332800114680e+02
5.293003277696714122e+02
5.293046944829180802e+02
5.293090333737329729e+02
5.293133443960979321e+02
5.293176275039944585e+02
5.293218826514045077e+02
5.293261097923095804e+02
5.293303088806912911e+02
5.293344798705313679e+02
5.293386227158114252e+02
5.293427373705133050e+02
5.293468237886185079e+02
5.293508819241087622e+02
5.293549117309657959e+02
5.293589131631712235e+02
5.293628861747067731e+02
5.293668307195540592e+02
5.293707467516948100e+02
5.293746342251105261e+02
5.293784930937830495e+02
5.293823233116941083e+02
5.293861248328250895e+02
5.293898976111580623e+02
5.293936416006744139e+02
5.293973567553559860e+02
5.294010430291841658e+02
5.294047003761409087e+02
5.294083287502077155e+02
5.294119281053665418e+02
5.294154983955986609e+02
5.294190395748860283e+02
5.294225515972101448e+02
5.294260344165528522e+02
5.294294879868957651e+02
5.294329122622203840e+02
5.294363071965086647e+02
5.294396727437419941e+02
5.294430088579022140e+02
5.294463154929711663e+02
5.294495926029301245e+02
5.294528401417610439e+02
5.294560580634454254e+02
5.294592463219652245e+02
5.294624048713018283e+02
5.294655336654368512e+02
5.294686326583523623e+02
5.294717018040296352e+02
5.294747410564505117e+02
5.294777503695967198e+02
5.294807296974497604e+02
5.294836789939914752e+02
5.294865982132034787e+02
5.294894873090673855e+02
5.294923462355649235e+02
5.294951749466778210e+02
5.294979733963874651e+02
5.295007415386760385e+02
5.295034793275245875e+02
5.295061867169154084e+02
5.295088636608296611e+02
5.295115101132493010e+02
5.295141260281559425e+02
5.295167113595312003e+02
5.295192660613570297e+02
5.295217900876145904e+02
5.295242833922860655e+02
5.295267459293527281e+02
5.295291776527964203e+02
5.295315785165989837e+02
5.295339484747416918e+02
5.295362874812065002e+02
5.295385954899750232e+02
5.295408724550291026e+02
5.295431183303500120e+02
5.295453330699197068e+02
5.295475166277200287e+02
5.295496689577321376e+02
5.295517900139381027e+02
5.295538797503194246e+02
5.295559381208579453e+02
5.295579650795352791e+02
5.295599605803329268e+02
5.295619245772327304e+02
5.295638570242163041e+02
5.295657578752652626e+02
5.295676270843614475e+02
5.295694646054864734e+02
5.295712703926218410e+02
5.295730443997493921e+02
5.295747865808507413e+02
5.295764968899075029e+02
5.295781752809016325e+02
5.295798217078145171e+02
5.295814361246277713e+02
5.295830184853233504e+02
5.295845687438827554e+02
5.295860868542877142e+02
5.295875727705197278e+02
5.295890264465606379e+02
5.295904478363920589e+02
5.295918368939958327e+02
5.295931935733533464e+02
5.295945178284464419e+02
5.295958096132567334e+02
5.295970688817660630e+02
5.295982955879558176e+02
5.295994896858078391e+02
5.296006511293037420e+02
5.296017798724252543e+02
5.296028758691541043e+02
5.296039390734717927e+02
5.296049694393600475e+02
5.296059669208007108e+02
5.296069314717751695e+02
5.296078630462652654e+02
5.296087615982528405e+02
5.296096270817191680e+02
5.296104594506462035e+02
5.296112586590155615e+02
5.296120246608088564e+02
5.296127574100078164e+02
5.296134568605940558e+02
5.296141229665493029e+02
5.296147556818552857e+02
5.296153549604935051e+02
5.296159207564458029e+02
5.296164530236937935e+02
5.296169517162190914e+02
5.296174167880033110e+02
5.296178481930282942e+02
5.296182458852756554e+02
5.296186098187272364e+02
5.296189399473644244e+02
5.296192362251689474e+02
5.296194986061225336e+02
5.296197270442069112e+02
5.296199214934035808e+02
5.296200819076943844e+02
5.296202082410609364e+02
5.296203004474848512e+02
5.296203584809479707e+02
5.296203822954319094e+02
5.296203718449181679e+02
