2.126559157216927929e+02
2.137810899644814242e+02
2.149037732751484953e+02
2.160239684279452774e+02
2.171416781971233263e+02
2.182569053569336006e+02
2.193696526816275139e+02
2.204799229454562521e+02
2.215877189226713995e+02
2.226930433875238009e+02
2.237958991142650973e+02
2.248962888771464179e+02
2.259942154504191194e+02
2.270896816083344163e+02
2.281826901251436936e+02
2.292732437750982513e+02
2.303613453324492184e+02
2.314469975714479801e+02
2.325302032663458078e+02
2.336109651913939160e+02
2.346892861208438603e+02
2.357651688289464857e+02
2.368386160899535469e+02
2.379096306781160592e+02
2.389782153676853511e+02
2.400443729329126370e+02
2.411081061480493872e+02
2.421694177873467311e+02
2.432283106250559683e+02
2.442847874354284841e+02
2.453388509927154644e+02
2.463905040711683228e+02
2.474397494450381600e+02
2.484865898885764466e+02
2.495310281760342548e+02
2.505730670816631687e+02
2.516127093797141185e+02
2.526499578444388021e+02
2.536848152500881497e+02
2.547172843709136316e+02
2.557473679811664340e+02
2.567750688550979703e+02
2.578003897669593698e+02
2.588233334910019607e+02
2.598439028014772134e+02
2.608621004726361434e+02
2.618779292787303348e+02
2.628913919940107462e+02
2.639024913927287912e+02
2.649112302491358832e+02
2.659176113374832084e+02
2.669216374320221234e+02
2.679233113070037007e+02
2.689226357366795241e+02
2.699196134953006094e+02
2.709142473571183700e+02
2.719065400963841626e+02
2.728964944873491163e+02
2.738841133042646447e+02
2.748693993213818771e+02
2.758523553129522838e+02
2.768329840532272215e+02
2.778112883164577056e+02
2.787872708768951497e+02
2.797609345087907968e+02
2.807322819863960035e+02
2.817013160839621264e+02
2.826680395757403517e+02
2.836324552359818085e+02
2.845945658389380810e+02
2.855543741588602416e+02
2.865118829699996468e+02
2.874670950466077670e+02
2.884200131629355610e+02
2.893706400932344422e+02
2.903189786117557674e+02
2.912650314927507793e+02
2.922088015104707779e+02
2.931502914391670629e+02
2.940895040530908773e+02
2.950264421264933503e+02
2.959611084336261229e+02
2.968935057487403242e+02
2.978236368460870835e+02
2.987515044999179281e+02
2.996771114844840440e+02
3.006004605740366173e+02
3.015215545428271184e+02
3.024403961651067334e+02
3.033569882151266484e+02
3.042713334671383336e+02
3.051834346953929753e+02
3.060932946741419869e+02
3.070009161776364977e+02
3.079063019801278642e+02
3.088094548558671590e+02
3.097103775791061366e+02
3.106090729240956989e+02
3.115055436650873162e+02
3.123997925763321746e+02
3.132918224320815170e+02
3.141816360065867570e+02
3.150692360740990807e+02
3.159546254088699584e+02
3.168378067851504056e+02
3.177187829771920065e+02
3.185975567592457764e+02
3.194741309055631291e+02
3.203485081903951937e+02
3.212206913879935541e+02
3.220906832726093398e+02
3.229584866184937937e+02
3.238241041998982723e+02
3.246875387910740187e+02
3.255487931662723327e+02
3.264078700997445708e+02
3.272647723657419192e+02
3.281195027385156777e+02
3.289720639923171461e+02
3.298224589013976811e+02
3.306706902400084687e+02
3.315167607824007519e+02
3.323606733028260010e+02
3.332024305755353453e+02
3.340420353747801414e+02
3.348794904748116323e+02
3.357147986498811747e+02
3.365479626742400114e+02
3.373789853221394424e+02
3.382078693678307104e+02
3.390346175855651154e+02
3.398592327495939571e+02
3.406817176341685922e+02
3.415020750135402068e+02
3.423203076619600438e+02
3.431364183536795736e+02
3.439504098629499822e+02
3.447622849640225127e+02
3.455720464311484648e+02
3.463796970385791951e+02
3.471852395605659467e+02
3.479886767713600193e+02
3.487900114452126559e+02
3.495892463563751562e+02
3.503863842790988770e+02
3.511814279876349474e+02
3.519743802562348378e+02
3.527652438591496775e+02
3.535540215706308800e+02
3.543407161649296881e+02
3.551253304162974018e+02
3.559078670989853208e+02
3.566883289872445175e+02
3.574667188553266328e+02
3.582430394774827391e+02
3.590172936279641362e+02
3.597894840810221808e+02
3.605596136109080021e+02
3.613276849918731273e+02
3.620937009981686856e+02
3.628576644040460337e+02
3.636195779837563009e+02
3.643794445115509006e+02
3.651372667616812464e+02
3.658930475083984106e+02
3.666467895259536931e+02
3.673984955885985642e+02
3.681481684705840394e+02
3.688958109461616459e+02
3.696414257895825699e+02
3.703850157750981680e+02
3.711265836769596262e+02
3.718661322694182445e+02
3.726036643267253226e+02
3.733391826231322170e+02
3.740726899328901709e+02
3.748041890302503703e+02
3.755336826894642854e+02
3.762611736847830457e+02
3.769866647904579509e+02
3.777101587807403575e+02
3.784316584298816224e+02
3.791511665121328178e+02
3.798686858017454142e+02
3.805842190729706545e+02
3.812977691000597815e+02
3.820093386572640952e+02
3.827189305188348953e+02
3.834265474590235385e+02
3.841321922520811540e+02
3.848358676722591554e+02
3.855375764938086718e+02
3.862373214909812873e+02
3.869351054380280175e+02
3.876309311092002190e+02
3.883248012787492485e+02
3.890167187209263489e+02
3.897066862099826494e+02
3.903947065201697342e+02
3.910807824257387324e+02
3.917649167009408870e+02
3.924471121200275547e+02
3.931273714572500353e+02
3.938056974868595148e+02
3.944820929831074068e+02
3.951565607202449542e+02
3.958291034725233999e+02
3.964997240141939869e+02
3.971684251195081856e+02
3.978352095627171252e+02
3.985000801180721623e+02
3.991630395598245400e+02
3.998240906622255011e+02
4.004832361995265160e+02
4.011404789459786571e+02
4.017958216758333947e+02
4.024492671633418013e+02
4.031008181827554040e+02
4.037504775083253321e+02
4.043982479143028854e+02
4.050441321749393637e+02
4.056881330644860668e+02
4.063302533571943513e+02
4.069704958273153466e+02
4.076088632491005228e+02
4.082453583968010093e+02
4.088799840446681060e+02
4.095127429669531693e+02
4.101436379379075561e+02
4.107726717317823955e+02
4.113998471228291010e+02
4.120251668852988018e+02
4.126486337934428548e+02
4.132702506215126164e+02
4.138900201437593864e+02
4.145079451344343511e+02
4.151240283677888669e+02
4.157382726180741201e+02
4.163506806595415242e+02
4.169612552664422651e+02
4.175699992130275859e+02
4.181769152735490707e+02
4.187820062222576780e+02
4.193852748334048215e+02
4.199867238812417440e+02
4.205863561400198023e+02
4.211841743839902961e+02
4.217801813874044115e+02
4.223743799245135051e+02
4.229667727695688200e+02
4.235573626968217127e+02
4.241461524805233694e+02
4.247331448949251467e+02
4.253183427142783444e+02
4.259017487128342054e+02
4.264833656648439728e+02
4.270631963445590031e+02
4.276412435262306531e+02
4.282175099841101087e+02
4.287919984924486698e+02
4.293647118254976363e+02
4.299356527575081941e+02
4.305048240627318137e+02
4.310722285154196811e+02
4.316378688898230962e+02
4.322017479601931882e+02
4.327638685007815980e+02
4.333242332858393411e+02
4.338828450896177173e+02
4.344397066863681971e+02
4.349948208503418527e+02
4.355481903557900978e+02
4.360998179769641752e+02
4.366497064881152710e+02
4.371978586634948556e+02
4.377442772773541151e+02
4.382889651039443493e+02
4.388319249175169148e+02
4.393731594923230546e+02
4.399126716026138979e+02
4.404504640226409720e+02
4.409865395266554629e+02
4.415209008889085567e+02
4.420535508836517238e+02
4.425844922851361503e+02
4.431137278676131359e+02
4.436412604053339805e+02
4.441670926725498134e+02
4.446912274435122185e+02
4.452136674924723252e+02
4.457344155936813763e+02
4.462534745213907854e+02
4.467708470498516817e+02
4.472865359533153651e+02
4.478005440060333058e+02
4.483128739822566899e+02
4.488235286562367037e+02
4.493325108022246468e+02
4.498398231944719896e+02
4.503454686072299182e+02
4.508494498147496188e+02
4.513517695912825047e+02
4.518524307110798190e+02
4.523514359483928047e+02
4.528487880774728751e+02
4.533444898725712164e+02
4.538385441079390148e+02
4.543309535578278542e+02
4.548217209964888070e+02
4.553108491981731163e+02
4.557983409371321386e+02
4.562841989876172306e+02
4.567684261238796353e+02
4.572510251201705955e+02
4.577319987507412975e+02
4.582113497898432684e+02
4.586890810117276942e+02
4.591651951906458180e+02
4.596396951008489395e+02
4.601125835165884155e+02
4.605838632121154319e+02
4.610535369616812886e+02
4.615216075395373991e+02
4.619880777199348358e+02
4.624529502771251259e+02
4.629162279853593418e+02
4.633779136188888970e+02
4.638380099519650912e+02
4.642965197588391106e+02
4.647534458137621982e+02
4.652087908909858811e+02
4.656625577647612886e+02
4.661147492093397204e+02
4.665653679989723628e+02
4.670144169079106859e+02
4.674618987104059329e+02
4.679078161807092329e+02
4.683521720930721131e+02
4.687949692217457027e+02
4.692362103409813017e+02
4.696758982250301528e+02
4.701140356481436697e+02
4.705506253845730953e+02
4.709856702085696156e+02
4.714191728943847011e+02
4.718511362162694809e+02
4.722815629484753117e+02
4.727104558652534365e+02
4.731378177408550982e+02
4.735636513495317672e+02
4.739879594655346295e+02
4.744107448631148714e+02
4.748320103165239061e+02
4.752517586000129768e+02
4.756699924878333832e+02
4.760867147542364819e+02
4.765019281734733454e+02
4.769156355197954440e+02
4.773278395674539638e+02
4.777385430907003183e+02
4.781477488637857505e+02
4.785554596609614464e+02
4.789616782564787627e+02
4.793664074245889424e+02
4.797696499395433989e+02
4.801714085755933183e+02
4.805716861069899437e+02
4.809704853079846316e+02
4.813678089528287387e+02
4.817636598157733374e+02
4.821580406710698981e+02
4.825509542929697204e+02
4.829424034557240475e+02
4.833323909335840654e+02
4.837209195008011307e+02
4.841079919316265432e+02
4.844936110003116596e+02
4.848777794811076092e+02
4.852605001482657485e+02
4.856417757760374343e+02
4.860216091386739095e+02
4.864000030104264169e+02
4.867769601655461997e+02
4.871524833782846713e+02
4.875265754228931314e+02
4.878992390736227094e+02
4.882704771047247618e+02
4.886402922904507591e+02
4.890086874050516599e+02
4.893756652227789345e+02
4.897412285178838829e+02
4.901053800646177478e+02
4.904681226372318861e+02
4.908294590099773700e+02
4.911893919571057836e+02
4.915479242528681425e+02
4.919050586715159739e+02
4.922607979873004069e+02
4.926151449744727984e+02
4.929681024072842774e+02
4.933196730599863713e+02
4.936698597068303229e+02
4.940186651220672047e+02
4.943660920799485439e+02
4.947121433547254696e+02
4.950568217206493955e+02
4.954001299519715644e+02
4.957420708229432194e+02
4.960826471078156601e+02
4.964218615808401296e+02
4.967597170162680982e+02
4.970962161883505814e+02
4.974313618713390497e+02
4.977651568394848027e+02
4.980976038670390835e+02
4.984287057282530782e+02
4.987584651973781433e+02
4.990868850486656925e+02
4.994139680563669117e+02
4.997397169947330440e+02
5.000641346380153323e+02
5.003872237604650763e+02
5.007089871363338602e+02
5.010294275398725290e+02
5.013485477453326666e+02
5.016663505269655161e+02
5.019828386590222067e+02
5.022980149157543792e+02
5.026118820714128219e+02
5.029244429002492893e+02
5.032357001765146265e+02
5.035456566744604174e+02
5.038543151683378483e+02
5.041616784323982756e+02
5.044677492408930561e+02
5.047725303680732054e+02
5.050760245881903074e+02
5.053782346754953778e+02
5.056791634042399437e+02
5.059788135486751912e+02
5.062771878830523065e+02
5.065742891816227029e+02
5.068701202186376804e+02
5.071646837683484819e+02
5.074579826050064071e+02
5.077500195028626990e+02
5.080407972361686575e+02
5.083303185791755254e+02
5.086185863061347732e+02
5.089056031912974731e+02
5.091913720089150388e+02
5.094758955332387131e+02
5.097591765385197959e+02
5.100412177990095870e+02
5.103220220889592724e+02
5.106015921826203794e+02
5.108799308542438098e+02
5.111570408780812045e+02
5.114329250283837496e+02
5.117075860794026312e+02
5.119810268053892059e+02
5.122532499805947737e+02
5.125242583792706910e+02
5.127940547756680871e+02
5.130626419440383188e+02
5.133300226586326289e+02
5.135961996937023741e+02
5.138611758234987974e+02
5.141249538222733690e+02
5.143875364642771046e+02
5.146489265237613608e+02
5.149091267749774943e+02
5.151681399921767479e+02
5.154259689496104784e+02
5.156826164215298149e+02
5.159380851821862279e+02
5.161923780058308466e+02
5.164454976667150277e+02
5.166974469390901277e+02
5.169482285972072759e+02
5.171978454153178291e+02
5.174463001676732574e+02
5.176935956285245766e+02
5.179397345721231432e+02
5.181847197727203138e+02
5.184285540045673315e+02
5.186712400419155529e+02
5.189127806590161072e+02
5.191531786301204647e+02
5.193924367294796411e+02
5.196305577313453341e+02
5.198675444099685592e+02
5.201033995396005594e+02
5.203381258944926913e+02
5.205717262488963115e+02
5.208042033770626631e+02
5.210355600532429889e+02
5.212657990516886457e+02
5.214949231466508763e+02
5.217229351123809238e+02
5.219498377231301447e+02
5.221756337531497820e+02
5.224003259766911924e+02
5.226239171680056188e+02
5.228464101013444179e+02
5.230678075509586051e+02
5.232881122910997647e+02
5.235073270960191394e+02
5.237254547399678586e+02
5.239424979971973926e+02
5.241584596419588706e+02
5.243733424485036494e+02
5.245871491910829718e+02
5.247998826439483082e+02
5.250115455813507879e+02
5.252221407775416537e+02
5.254316710067722624e+02
5.256401390432939706e+02
5.258475476613579076e+02
5.260538996352154300e+02
5.262591977391177807e+02
5.264634447473164300e+02
5.266666434340625074e+02
5.268687965736073693e+02
5.270699069402021451e+02
5.272699773080983050e+02
5.274690104515469784e+02
5.276670091447996356e+02
5.278639761621075195e+02
5.280599142777216457e+02
5.282548262658935982e+02
5.284487149008747338e+02
5.286415829569160678e+02
5.288334332082690707e+02
5.290242684291848718e+02
5.292140913939148277e+02
5.294029048767104086e+02
5.295907116518226303e+02
5.297775144935029630e+02
5.299633161760025359e+02
5.301481194735727058e+02
5.303319271604649430e+02
5.305147420109302629e+02
5.306965667992200224e+02
5.308774042995854643e+02
5.310572572862781726e+02
5.312361285335490493e+02
5.314140208156495646e+02
5.315909369068309616e+02
5.317668795813445968e+02
5.319418516134417132e+02
5.321158557773735538e+02
5.322888948473914752e+02
5.324609715977466067e+02
5.326320888026905322e+02
5.328022492364743812e+02
5.329714556733492827e+02
5.331397108875667072e+02
5.333070176533778977e+02
5.334733787450342106e+02
5.336387969367868891e+02
5.338032750028870623e+02
5.339668157175862007e+02
5.341294218551355470e+02
5.342910961897863444e+02
5.344518414957900632e+02
5.346116605473976051e+02
5.347705561188606680e+02
5.349285309844302674e+02
5.350855879183578736e+02
5.352417296948947296e+02
5.353969590882919647e+02
5.355512788728009355e+02
5.357046918226731123e+02
5.358572007121596243e+02
5.360088083155116010e+02
5.361595174069806262e+02
5.363093307608178293e+02
5.364582511512745668e+02
5.366062813526021955e+02
5.367534241390517309e+02
5.368996822848746433e+02
5.370450585643221757e+02
5.371895557516457984e+02
5.373331766210965270e+02
5.374759239469257182e+02
5.376178005033847285e+02
5.377588090647248009e+02
5.378989524051972921e+02
5.380382332990534451e+02
5.381766545205445027e+02
5.383142188439218216e+02
5.384509290434364175e+02
5.385867878933401016e+02
5.387217981678837759e+02
5.388559626413187971e+02
5.389892840878964080e+02
5.391217652818679653e+02
5.392534089974849394e+02
5.393842180089982321e+02
5.395141950906594275e+02
5.396433430167196548e+02
5.397716645614302706e+02
5.398991624990425180e+02
5.400258396038077535e+02
5.401516986499772202e+02
5.402767424118021609e+02
5.404009736635339323e+02
5.405243951794237773e+02
5.406470097337231664e+02
5.407688201006830013e+02
5.408898290545548662e+02
5.410100393695898902e+02
5.411294538200395436e+02
5.412480751801549559e+02
5.413659062241874835e+02
5.414829497263883695e+02
5.415992084610089705e+02
5.417146852023005295e+02
5.418293827245142893e+02
5.419433038019016067e+02
5.420564512087137246e+02
5.421688277192019996e+02
5.422804361076175610e+02
5.423912791482119928e+02
5.425013596152361970e+02
5.426106802829416438e+02
5.427192439255796899e+02
5.428270533174015782e+02
5.429341112326585517e+02
5.430404204456019670e+02
5.431459837304829534e+02
5.432508038615529813e+02
5.433548836130632935e+02
5.434582257592650194e+02
5.435608330744097429e+02
5.436627083327484797e+02
5.437638543085325864e+02
5.438642737760134196e+02
5.439639695094422223e+02
5.440629442830702374e+02
5.441612008711489352e+02
5.442587420479293314e+02
5.443555705876627826e+02
5.444516892646008728e+02
5.445471008529943902e+02
5.446418081270951461e+02
5.447358138611540426e+02
5.448291208294225498e+02
5.449217318061517972e+02
5.450136495655931412e+02
5.451048768819980523e+02
5.451954165296174324e+02
5.452852712827030928e+02
5.453744439155057080e+02
5.454629372022770895e+02
5.455507539172682527e+02
5.456378968347305545e+02
5.457243687289153513e+02
5.458101723740737725e+02
5.458953105444570610e+02
5.459797860143168009e+02
5.460636015579040077e+02
5.461467599494701517e+02
5.462292639632663622e+02
5.463111163735439959e+02
5.463923199545544094e+02
5.464728774805487319e+02
5.465527917257783201e+02
5.466320654644945307e+02
5.467107014709486066e+02
5.467887025193917907e+02
5.468660713840754397e+02
5.469428108392507966e+02
5.470189236591691042e+02
5.470944126180816056e+02
5.471692804902397711e+02
5.472435300498949573e+02
5.473171640712980661e+02
5.473901853287007953e+02
5.474625965963540466e+02
5.475344006485092905e+02
5.476056002594181109e+02
5.476761982033311824e+02
5.477461972545002027e+02
5.478156001871765284e+02
5.478844097756111751e+02
5.479526287940556131e+02
5.480202600167609717e+02
5.480873062179786075e+02
5.481537701719598772e+02
5.482196546529561374e+02
5.482849624352182900e+02
5.483496962929980327e+02
5.484138590005466085e+02
5.484774533321151466e+02
5.485404820619548900e+02
5.486029479643171953e+02
5.486648538134535329e+02
5.487262023836149183e+02
5.487869964490528218e+02
5.488472387840184865e+02
5.489069321627630416e+02
5.489660793595379573e+02
5.490246831485944767e+02
5.490827463041838428e+02
5.491402716005574121e+02
5.491972618119664276e+02
5.492537197126622459e+02
5.493096480768959964e+02
5.493650496789191493e+02
5.494199272929829476e+02
5.494742836933384069e+02
5.495281216542372249e+02
5.495814439499304171e+02
5.496342533546692266e+02
5.496865526427053510e+02
5.497383445882896922e+02
5.497896319656736068e+02
5.498404175491083379e+02
5.498907041128453557e+02
5.499404944311359031e+02
5.499897912782309959e+02
5.500385974283822179e+02
5.500869156558408122e+02
5.501347487348579079e+02
5.501820994396850892e+02
5.502289705445732579e+02
5.502753648237739981e+02
5.503212850515385526e+02
5.503667340021180507e+02
5.504117144497638492e+02
5.504562291687273046e+02
5.505002809332595461e+02
5.505438725176121579e+02
5.505870066960361555e+02
5.506296862427830092e+02
5.506719139321037346e+02
5.507136925382499157e+02
5.507550248354726818e+02
5.507959135980235033e+02
5.508363616001533956e+02
5.508763716161137154e+02
5.509159464201558194e+02
5.509550887865310642e+02
5.509938014894905791e+02
5.510320873032857207e+02
5.510699490021677320e+02
5.511073893603879696e+02
5.511444111521976765e+02
5.511810171518482093e+02
5.512172101335908110e+02
5.512529928716767245e+02
5.512883681403573064e+02
5.513233387138836861e+02
5.513579073665074475e+02
5.513920768724796062e+02
5.514258500060515189e+02
5.514592295414745422e+02
5.514922182529998054e+02
5.515248189148788924e+02
5.515570343013628190e+02
5.515888671867029416e+02
5.516203203451505033e+02
5.516513965509568607e+02
5.516820985783733704e+02
5.517124292016511617e+02
5.517423911950417050e+02
5.517719873327961295e+02
5.518012203891655645e+02
5.518300931384019350e+02
5.518586083547558019e+02
5.518867688124787492e+02
5.519145772858220198e+02
5.519420365490369704e+02
5.519691493763749577e+02
5.519959185420871108e+02
5.520223468204246728e+02
5.520484369856391140e+02
5.520741918119815637e+02
5.520996140737036058e+02
5.521247065450560285e+02
5.521494720002905296e+02
5.521739132136583521e+02
5.521980329594103978e+02
5.522218340117985917e+02
5.522453191450736085e+02
5.522684911334870321e+02
5.522913527512902192e+02
5.523139067727342990e+02
5.523361559720706282e+02
5.523581031235503360e+02
5.523797510014250065e+02
5.524011023799457689e+02
5.524221600333637525e+02
5.524429267359306550e+02
5.524634052618972646e+02
5.524835983855152790e+02
5.525035088810357138e+02
5.525231395227098119e+02
5.525424930847893847e+02
5.525615723415249931e+02
5.525803800671684485e+02
5.525989190359708800e+02
5.526171920221834171e+02
5.526352018000576436e+02
5.526529511438445752e+02
5.526704428277955685e+02
5.526876796261620939e+02
5.527046643131950532e+02
5.527213996631462578e+02
5.527378884502666097e+02
5.527541334488074654e+02
5.527701374330200679e+02
5.527859031771557738e+02
5.528014334554661673e+02
5.528167310422019227e+02
5.528317987116147378e+02
5.528466392379558556e+02
5.528612553954764053e+02
5.528756499584278572e+02
5.528898257010614543e+02
5.529037853976283259e+02
5.529175318223800559e+02
5.529310677495675463e+02
5.529443959534424948e+02
5.529575192082559170e+02
5.529704402882591694e+02
5.529831619677034951e+02
5.529956870208401369e+02
5.530080182219206790e+02
5.530201583451960232e+02
5.530321101649177535e+02
5.530438764553371129e+02
5.530554599907050033e+02
5.530668635452732360e+02
5.530780898932929404e+02
5.530891418090152456e+02
5.531000220666915084e+02
5.531107334405729716e+02
5.531212787049111057e+02
5.531316606339571535e+02
5.531418820019621307e+02
5.531519455831776213e+02
5.531618541518548682e+02
5.531716104822450006e+02
5.531812173485994890e+02
5.531906775251694626e+02
5.531999937862062779e+02
5.532091689059612918e+02
5.532182056586857470e+02
5.532271068186308867e+02
5.532358751600479536e+02
5.532445134571884182e+02
5.532530243930056031e+02
5.532614095891152601e+02
5.532696699823992503e+02
5.532778064983269815e+02
5.532858200623685434e+02
5.532937115999930029e+02
5.533014820366705635e+02
5.533091322978704056e+02
5.533166633090621644e+02
5.533240759957155888e+02
5.533313712833002000e+02
5.533385500972857471e+02
5.533456133631417515e+02
5.533525620063377346e+02
5.533593969523433316e+02
5.533661191266281776e+02
5.533727294546620215e+02
5.533792288619143847e+02
5.533856182738546750e+02
5.533918986159528686e+02
5.533980708136782596e+02
5.534041357925005968e+02
5.534100944778895155e+02
5.534159477953146506e+02
5.534216966702454101e+02
5.534273420281516565e+02
5.534328847945026837e+02
5.534383258947685817e+02
5.534436662544186447e+02
5.534489067989223940e+02
5.534540484537495786e+02
5.534590921443698335e+02
5.534640387962527939e+02
5.534688893348680949e+02
5.534736446856849170e+02
5.534783057741734638e+02
5.534828735258029155e+02
5.534873488660433622e+02
5.534917327203638706e+02
5.534960260142344168e+02
5.535002296731242950e+02
5.535043446225033676e+02
5.535083717878413836e+02
5.535123120946076369e+02
5.535161664682717628e+02
5.535199358343035101e+02
5.535236211181725139e+02
5.535272232453482957e+02
5.535307431413003769e+02
5.535341817314986201e+02
5.535375399414124331e+02
5.535408186965113373e+02
5.535440189222650815e+02
5.535471415441435283e+02
5.535501874876157444e+02
5.535531576781519334e+02
5.535560530412212756e+02
5.535588745022934063e+02
5.535616229868383016e+02
5.535642994203250282e+02
5.535669047282235624e+02
5.535694398360034256e+02
5.535719056691342530e+02
5.535743031530856797e+02
5.535766332133272272e+02
5.535788967753285306e+02
5.535810947645592250e+02
5.535832281064889457e+02
5.535852977265872141e+02
5.535873045503236654e+02
5.535892495031680482e+02
5.535911335105897706e+02
5.535929574980585812e+02
5.535947223910440016e+02
5.535964291150156669e+02
5.535980785954433259e+02
5.535996717577963864e+02
5.536012095275444835e+02
5.536026928301573662e+02
5.536041225911045558e+02
5.536054997358556875e+02
5.536068251898802828e+02
5.536080998786479768e+02
5.536093247276286320e+02
5.536105006622914289e+02
5.536116286081062299e+02
5.536127094905426702e+02
5.536137442350702713e+02
5.536147337671587820e+02
5.536156790122774964e+02
5.536165808958962771e+02
5.536174403434847591e+02
5.536182582805125776e+02
5.536190356324491404e+02
5.536197733247641963e+02
5.536204722829272669e+02
5.536211334324082145e+02
5.536217576986761060e+02
5.536223460072012585e+02
5.536228992834526252e+02
5.536234184529002960e+02
5.536239044410135648e+02
5.536243581732622943e+02
5.536247805751158921e+02
5.536251725720439936e+02
5.536255350895164611e+02
5.536258690530025888e+02
5.536261753879721255e+02
5.536264550198947063e+02
5.536267088742397391e+02
5.536269378764770863e+02
5.536271429520763832e+02
5.536273250265069237e+02
5.536274850252386841e+02
5.536276238737409585e+02
5.536277424974836094e+02
5.536278418219360447e+02
5.536279227725681267e+02
5.536279862748491496e+02
5.536280332542488622e+02
5.536280646362371272e+02
5.536280813462828974e+02
5.536280843098566038e+02
5.536280744524273132e+02
5.536280526994648881e+02
5.536280199764386225e+02
5.536279772088184927e+02
5.536279253220739065e+02
5.536278652416744990e+02
5.536277978930899053e+02
5.536277242017897606e+02
5.536276450932438138e+02
5.536275614929213589e+02
5.536274743262920310e+02
5.536273845188256928e+02
5.536272929959917519e+02
5.536272006832599573e+02
5.536271085060998303e+02
5.536270173899810061e+02
5.536269282603730062e+02
5.536268420427456931e+02
5.536267596625684746e+02
5.536266820453108721e+02
5.536266101164427482e+02
5.536265448014335107e+02
5.536264870257527946e+02
5.536264377148703488e+02
5.536263977942555812e+02
5.536263681893783541e+02
5.536263498257079618e+02
5.536263436287143804e+02
5.536263505238670177e+02
5.536263714366352815e+02
5.536264072924891479e+02
5.536264590168981385e+02
5.536265275353316611e+02
5.536266137732594643e+02
5.536267186561511835e+02
5.536268431094765674e+02
5.536269880587049101e+02
5.536271544293059605e+02
5.536273431467493538e+02
5.536275551365048386e+02
5.536277913240415955e+02
5.536280526348296007e+02
5.536283399943383756e+02
5.536286543280375554e+02
5.536289965613968889e+02
5.536293676198855565e+02
5.536297684289735344e+02
5.536301999141303440e+02
5.536306630008256207e+02
5.536311586145288857e+02
5.536316876807097742e+02
5.536322511248379215e+02
5.536328498723829625e+02
5.536334848488145326e+02
5.536341569796020394e+02
5.536348671902153455e+02
5.536356164061239724e+02
5.536364055527975552e+02
5.536372355557055016e+02
5.536381073403177879e+02
5.536390218321037082e+02
5.536399799565330113e+02
5.536409826390752187e+02
5.536420308052001928e+02
5.536431253803771142e+02
5.536442672900759590e+02
5.536454574597662486e+02
5.536466968149175045e+02
5.536479862809993620e+02
5.536493267834814560e+02
5.536507192478334218e+02
5.536521645995247809e+02
5.536536637640253957e+02
5.536552176668044467e+02
5.536568272333319101e+02
5.536584933890773073e+02
5.536602170595101597e+02
5.536619991701002164e+02
5.536638406463168849e+02
5.536657424136299142e+02
5.536677053975089393e+02
5.536697305234233681e+02
5.536718187168430632e+02
5.536739709032375458e+02
5.536761880080763376e+02
5.536784709568293010e+02
5.536808206749657302e+02
5.536832380879553739e+02
5.536857241212678673e+02
5.536882797003728456e+02
5.536909057507398302e+02
5.536936031978384563e+02
5.536963729671384726e+02
5.536992159841091734e+02
5.537021331742205348e+02
5.537051254629418509e+02
5.537081937757429841e+02
5.537113390380933424e+02
5.537145621754626745e+02
5.537178641133205019e+02
5.537212457771365735e+02
5.537247080923802969e+02
5.537282519845213073e+02
5.537318783790294674e+02
5.537355882013741848e+02
5.537393823770250947e+02
5.537432618314517185e+02
5.537472274901239189e+02
5.537512802785109898e+02
5.537554211220827938e+02
5.537596509463086250e+02
5.537639706766584595e+02
5.537683812386019326e+02
5.537728835576083384e+02
5.537774785591474256e+02
5.537821671686888294e+02
5.537869503117020713e+02
5.537918289136569001e+02
5.537968039000229510e+02
5.538018761962696317e+02
5.538070467278664637e+02
5.538123164202834232e+02
5.538176861989898043e+02
5.538231569894556969e+02
5.538287297171501677e+02
5.538344053075431930e+02
5.538401846861040667e+02
5.538460687783024241e+02
5.538520585096082414e+02
5.538581548054908126e+02
5.538643585914198866e+02
5.538706707928647575e+02
5.538770923352956288e+02
5.538836241441816810e+02
5.538902671449925492e+02
5.538970222631979823e+02
5.539038904242672743e+02
5.539108725536706288e+02
5.539179695768769989e+02
5.539251824193564744e+02
5.539325120065784631e+02
5.539399592640127139e+02
5.539475251171286345e+02
5.539552104913959738e+02
5.539630163122841395e+02
5.539709435052631079e+02
5.539789929958022867e+02
5.539871657093710837e+02
5.539954625714393615e+02
5.540038845074767551e+02
5.540124324429527860e+02
5.540211073033370894e+02
5.540299100140990731e+02
5.540388415007087133e+02
5.540479026886354177e+02
5.540570945033488215e+02
5.540664178703184461e+02
5.540758737150140405e+02
5.540854629629051260e+02
5.540951865394613378e+02
5.541050453701523111e+02
5.541150403804476809e+02
5.541251724958170826e+02
5.541354426417299237e+02
5.541458517436559532e+02
5.541564007270648062e+02
5.541670905174261179e+02
5.541779220402094097e+02
5.541888962208843168e+02
5.542000139849203606e+02
5.542112762577872900e+02
5.542226839649547401e+02
5.542342380318922324e+02
5.542459393840694020e+02
5.542577889469557704e+02
5.542697876460210864e+02
5.542819364067349852e+02
5.542942361545669883e+02
5.543066878149866170e+02
5.543192923134636203e+02
5.543320505754675196e+02
5.543449635264680637e+02
5.543580320919347741e+02
5.543712571973370586e+02
5.543846397681450071e+02
5.543981807298278000e+02
5.544118810078551860e+02
5.544257415276968004e+02
5.544397632148222783e+02
5.544539469947011412e+02
5.544682937928030242e+02
5.544828045345975625e+02
5.544974801455543911e+02
5.545123215511431454e+02
5.545273296768333466e+02
5.545425054480946301e+02
5.545578497903966309e+02
5.545733636292089841e+02
5.545890478900012113e+02
5.546049034982429475e+02
5.546209313794038280e+02
5.546371324589536016e+02
5.546535076623614486e+02
5.546700579150974590e+02
5.546867841426310406e+02
5.547036872704318284e+02
5.547207682239693440e+02
5.547380279287133362e+02
5.547554673101333265e+02
5.547730872936989499e+02
5.547908888048797280e+02
5.548088727691455233e+02
5.548270401119656299e+02
5.548453917588100239e+02
5.548639286351478859e+02
5.548826516664490782e+02
5.549015617781832361e+02
5.549206598958198811e+02
5.549399469325697964e+02
5.549594230661223264e+02
5.549790873341066799e+02
5.549989386760832986e+02
5.550189760316127376e+02
5.550391983402545293e+02
5.550596045415691151e+02
5.550801935751167093e+02
5.551009643804575262e+02
5.551219158971518937e+02
5.551430470647594575e+02
5.551643568228408867e+02
5.551858441109561682e+02
5.552075078686655161e+02
5.552293470355291447e+02
5.552513605511070409e+02
5.552735473549595326e+02
5.552959063866469478e+02
5.553184365857292732e+02
5.553411368917667232e+02
5.553640062443195120e+02
5.553870435829477401e+02
5.554102478472117355e+02
5.554336179766714849e+02
5.554571529108872028e+02
5.554808515894191032e+02
5.555047129518275142e+02
5.555287359376724226e+02
5.555529194865140425e+02
5.555772625379127021e+02
5.556017640314283881e+02
5.556264229066212010e+02
5.556512381030515826e+02
5.556762085602796333e+02
5.557013332178654537e+02
5.557266110153692580e+02
5.557520408923511468e+02
5.557776217883714480e+02
5.558033526429902622e+02
5.558292323957678036e+02
5.558552599862644001e+02
5.558814343540396976e+02
5.559077544386542513e+02
5.559342191796685029e+02
5.559608275166420981e+02
5.559875783891355923e+02
5.560144707367089723e+02
5.560415034989225660e+02
5.560686756153362467e+02
5.560959860255106832e+02
5.561234336690056352e+02
5.561510174853814306e+02
5.561787364141980561e+02
5.562065893950162945e+02
5.562345753673956779e+02
5.562626932708965342e+02
5.562909420450793050e+02
5.563193206295037498e+02
5.563478279637306514e+02
5.563764629873194281e+02
5.564052246398308625e+02
5.564341118608248280e+02
5.564631235898616524e+02
5.564922587665014362e+02
5.565215163303042800e+02
5.565508952208306255e+02
5.565803943776403457e+02
5.566100127402937687e+02
5.566397492483512224e+02
5.566696028413724662e+02
5.566995724589182828e+02
5.567296570405482043e+02
5.567598555258226725e+02
5.567901668543022424e+02
5.568205899655464464e+02
5.568511237991158396e+02
5.568817672945706363e+02
5.569125193914707097e+02
5.569433790293767288e+02
5.569743451478483394e+02
5.570054166864460967e+02
5.570365925847298740e+02
5.570678717822601129e+02
5.570992532185969139e+02
5.571307358333003776e+02
5.571623185659308319e+02
5.571940003560483774e+02
5.572257801432131146e+02
5.572576568669851440e+02
5.572896294669250210e+02
5.573216968825926187e+02
5.573538580535482652e+02
5.573861119193518334e+02
5.574184574195639925e+02
5.574508934937445019e+02
5.574834190814536896e+02
5.575160331222518835e+02
5.575487345556989567e+02
5.575815223213552372e+02
5.576143953587811666e+02
5.576473526075365044e+02
5.576803930071815785e+02
5.577135154972764894e+02
5.577467190173817926e+02
5.577800025070571337e+02
5.578133649058630681e+02
5.578468051533596963e+02
5.578803221891070052e+02
5.579139149526654364e+02
5.579475823835948631e+02
5.579813234214558406e+02
5.580151370058083558e+02
5.580490220762125091e+02
5.580829775722286286e+02
5.581170024334167010e+02
5.581510955993371681e+02
5.581852560095499030e+02
5.582194826036153472e+02
5.582537743210936014e+02
5.582881301015447661e+02
5.583225488845291693e+02
5.583570296096067977e+02
5.583915712163378657e+02
5.584261726442828149e+02
5.584608328330014047e+02
5.584955507220543041e+02
5.585303252510011589e+02
5.585651553594025245e+02
5.586000399868183877e+02
5.586349780728089627e+02
5.586699685569346912e+02
5.587050103787553326e+02
5.587401024778312149e+02
5.587752437937227796e+02
5.588104332659897864e+02
5.588456698341926767e+02
5.588809524378915512e+02
5.589162800166465104e+02
5.589516515100181095e+02
5.589870658575659945e+02
5.590225219988506069e+02
5.590580188734321609e+02
5.590935554208706435e+02
5.591291305807266099e+02
5.591647432925599333e+02
5.592003924959307142e+02
5.592360771303993943e+02
5.592717961355260741e+02
5.593075484508708541e+02
5.593433330159939487e+02
5.593791487704554584e+02
5.594149946538157110e+02
5.594508696056348072e+02
5.594867725654729611e+02
5.595227024728903871e+02
5.595586582674470719e+02
5.595946388887033436e+02
5.596306432762193026e+02
5.596666703695551632e+02
5.597027191082713671e+02
5.597387884319276736e+02
5.597748772800845245e+02
5.598109845923017929e+02
5.598471093081401477e+02
5.598832503671592349e+02
5.599194067089196096e+02
5.599555772729813725e+02
5.599917609989046241e+02
5.600279568262496923e+02
5.600641636945765640e+02
5.601003805434453398e+02
5.601366063124166885e+02
5.601728399410501424e+02
5.602090803689063705e+02
5.602453265355452459e+02
5.602815773805270965e+02
5.603178318434122502e+02
5.603540888637604667e+02
5.603903473811323011e+02
5.604266063350878539e+02
5.604628646651872259e+02
5.604991213109905175e+02
5.605353752120579429e+02
5.605716253079500575e+02
5.606078705382265071e+02
5.606441098424477332e+02
5.606803421601738364e+02
5.607165664309651447e+02
5.607527815943816449e+02
5.607889865899835513e+02
5.608251803573310781e+02
5.608613618359845532e+02
5.608975299655038498e+02
5.609336836854495232e+02
5.609698219353813329e+02
5.610059436548597205e+02
5.610420477834447865e+02
5.610781332606968590e+02
5.611141990261759247e+02
5.611502440194420842e+02
5.611862671800557791e+02
5.612222674475769963e+02
5.612582437615660638e+02
5.612941950615830820e+02
5.613301202871881515e+02
5.613660183779416002e+02
5.614018882734034150e+02
5.614377289131339239e+02
5.614735392366933411e+02
5.615093181836417671e+02
5.615450646935393024e+02
5.615807777059463888e+02
5.616164561604228993e+02
5.616520989965290482e+02
5.616877051538251635e+02
5.617232735718714594e+02
5.617588031902279226e+02
5.617942929484548813e+02
5.618297417861124359e+02
5.618651486427609143e+02
5.619005124579601897e+02
5.619358321712708175e+02
5.619711067222526708e+02
5.620063350504660775e+02
5.620415160954710245e+02
5.620766487968279534e+02
5.621117320940968511e+02
5.621467649268381592e+02
5.621817462346117509e+02
5.622166749569778403e+02
5.622515500334968692e+02
5.622863704037287107e+02
5.623211350072336927e+02
5.623558427835720295e+02
5.623904926723038216e+02
5.624250836129892832e+02
5.624596145451885150e+02
5.624940844084617311e+02
5.625284921423692595e+02
5.625628366864710870e+02
5.625971169803274279e+02
5.626313319634986101e+02
5.626654805755445068e+02
5.626995617560256733e+02
5.627335744445019827e+02
5.627675175805337631e+02
5.628013901036811149e+02
5.628351909535043660e+02
5.628689190695635034e+02
5.629025733914188550e+02
5.629361528586305212e+02
5.629696564107586028e+02
5.630030829873633138e+02
5.630364315280050960e+02
5.630697009722438224e+02
5.631028902596398211e+02
5.631359983297531926e+02
5.631690241221440374e+02
5.632019665763726834e+02
5.632348246319993450e+02
5.632675972285840089e+02
5.633002833056871168e+02
5.633328818028686555e+02
5.633653916596886120e+02
5.633978118157076551e+02
5.634301412104856581e+02
5.634623787835827216e+02
5.634945234745592870e+02
5.635265742229753414e+02
5.635585299683910989e+02
5.635903896503668875e+02
5.636221522084625803e+02
5.636538165822385054e+02
5.636853817112548768e+02
5.637168465350719089e+02
5.637482099932498159e+02
5.637794710253485846e+02
5.638106285709285430e+02
5.638416815695496780e+02
5.638726289607724311e+02
5.639034696841567893e+02
5.639342026792630804e+02
5.639648268856515188e+02
5.639953412428819775e+02
5.640257446905148981e+02
5.640560361681104951e+02
5.640862146152286414e+02
5.641162789714298924e+02
5.641462281762741213e+02
5.641760611693217697e+02
5.642057768901327108e+02
5.642353742782674999e+02
5.642648522732858964e+02
5.642942098147483421e+02
5.643234458422149373e+02
5.643525592952460102e+02
5.643815491134015474e+02
5.644104142362418770e+02
5.644391536033269858e+02
5.644677661542172018e+02
5.644962508284726255e+02
5.645246065656534711e+02
5.645528323053200666e+02
5.645809269870321714e+02
5.646088895503505682e+02
5.646367189348349029e+02
5.646644140800456171e+02
5.646919739255428112e+02
5.647193974108865859e+02
5.647466834756371554e+02
5.647738310593549613e+02
5.648008391015999905e+02
5.648277065419322298e+02
5.648544323199121209e+02
5.648810153750997642e+02
5.649074546470552605e+02
5.649337490753389375e+02
5.649598975995108958e+02
5.649858991591312360e+02
5.650117526937602861e+02
5.650374571429580328e+02
5.650630114462849178e+02
5.650884145433009280e+02
5.651136653735662776e+02
5.651387628766410671e+02
5.651637059920856245e+02
5.651884936594601641e+02
5.652131248183246726e+02
5.652375984082393643e+02
5.652619133687645672e+02
5.652860686394602681e+02
5.653100631598867949e+02
5.653338958696043619e+02
5.653575657081729560e+02
5.653810716151529050e+02
5.654044125301043096e+02
5.654275873925873839e+02
5.654505951421623422e+02
5.654734347183892851e+02
5.654961050608284268e+02
5.655186051090399815e+02
5.655409338025840498e+02
5.655630900810209596e+02
5.655850728839106978e+02
5.656068811508135923e+02
5.656285138212897436e+02
5.656499698348991387e+02
5.656712481312024465e+02
5.656923476497593128e+02
5.657132673301302930e+02
5.657340061118756012e+02
5.657545629345549969e+02
5.657749367377290355e+02
5.657951264609577038e+02
5.658151310438013297e+02
5.658349494258199002e+02
5.658545805465737430e+02
5.658740233456230726e+02
5.658932767625278757e+02
5.659123397368484802e+02
5.659312112081452142e+02
5.659498901159778370e+02
5.659683753999069040e+02
5.659866659994922884e+02
5.660047608542945454e+02
5.660226589038734346e+02
5.660403590877895112e+02
5.660578603456026485e+02
5.660751616168732880e+02
5.660922618411615304e+02
5.661091599580272486e+02
5.661258549070309982e+02
5.661423456277328796e+02
5.661586310596931071e+02
5.661747101424715538e+02
5.661905818156287751e+02
5.662062450187247578e+02
5.662216986913197161e+02
5.662369417729737506e+02
5.662519732032473030e+02
5.662667919217002463e+02
5.662813968678929086e+02
5.662957869813853904e+02
5.663099612017380196e+02
5.663239184685107830e+02
5.663376577212640086e+02
5.663511778995577970e+02
5.663644779429523624e+02
5.663775567910078053e+02
5.663904133832845673e+02
5.664030466593424080e+02
5.664154555587418827e+02
5.664276390210428644e+02
5.664395959858056813e+02
5.664513253925905474e+02
5.664628261809576770e+02
5.664740972904671708e+02
5.664851376606791291e+02
5.664959462311537663e+02
5.665065219414514104e+02
5.665168637311321618e+02
5.665269705397560074e+02
5.665368413068833888e+02
5.665464749720744067e+02
5.665558704748892751e+02
5.665650267548879810e+02
5.665739427516308524e+02
5.665826174046781034e+02
5.665910496535898346e+02
5.665992384379263740e+02
5.666071826972475947e+02
5.666148813711139383e+02
5.666223333990856190e+02
5.666295377207225101e+02
5.666364932755850532e+02
5.666431990032333488e+02
5.666496538432276111e+02
5.666558567351279407e+02
5.666618066184945519e+02
5.666675024328876589e+02
5.666729431178673622e+02
5.666781276129939897e+02
5.666830548578275284e+02
5.666877237919283061e+02
5.666921333548564235e+02
5.666962824861720947e+02
5.667001701254354202e+02
5.667037952122067281e+02
5.667071566860460052e+02
5.667102534865136931e+02
5.667130845531696650e+02
5.667156488255743625e+02
5.667179452432877724e+02
5.667199727458702228e+02
5.667217302728817003e+02
5.667232167638825331e+02
5.667244311584329353e+02
5.667253723960930074e+02
5.667260394164229638e+02
5.667264311589827912e+02
5.667265465633329313e+02
5.667263845690334847e+02
5.667259441156446655e+02
5.667252241427264607e+02
5.667242235898393119e+02
5.667229413965430922e+02
5.667213765023982432e+02
5.667195278469649793e+02
5.667173943698032872e+02
5.667149750104732675e+02
5.667122687085354755e+02
5.667092744035497844e+02
5.667059910350762948e+02
5.667024175426755619e+02
5.666985528659074589e+02
5.666943959443322001e+02
5.666899457175099997e+02
5.666852011250010719e+02
5.666801611063655173e+02
5.666748246011636638e+02
5.666691905489556120e+02
5.666632578893013488e+02
5.666570255617614293e+02
5.666504925058957269e+02
5.666436576612644558e+02
5.666365199674280575e+02
5.666290783639462916e+02
5.666213317903795996e+02
5.666132791862880822e+02
5.666049194912320672e+02
5.665962516447716553e+02
5.665872745864668332e+02
5.665779872558780426e+02
5.665683885925652703e+02
5.665584775360888443e+02
5.665482530260088652e+02
5.665377140018854334e+02
5.665268594032789906e+02
5.665156881697494100e+02
5.665041992408569058e+02
5.664923915561619197e+02
5.664802640552244384e+02
5.664678156776046762e+02
5.664550453628626201e+02
5.664419520505588252e+02
5.664285346802530512e+02
5.664147921915059669e+02
5.664007235238773319e+02
5.663863276169274741e+02
5.663716034102166077e+02
5.663565498433047196e+02
5.663411658557524788e+02
5.663254503871194174e+02
5.663094023769660907e+02
5.662930207648527130e+02
5.662763044903392711e+02
5.662592524929860929e+02
5.662418637123531653e+02
5.662241370880009299e+02
5.662060715594893736e+02
5.661876660663788243e+02
5.661689195482292689e+02
5.661498309446009216e+02
5.661303991950541104e+02
5.661106232391490494e+02
5.660905020164456118e+02
5.660700344665042394e+02
5.660492195288850326e+02
5.660280561431480919e+02
5.660065432488536317e+02
5.659846797855619798e+02
5.659624646928332368e+02
5.659398969102275032e+02
5.659169753773049933e+02
5.658936990336259214e+02
5.658700668187505016e+02
5.658460776722387209e+02
5.658217305336509071e+02
5.657970243425472745e+02
5.657719580384878100e+02
5.657465305610330688e+02
5.657207408497428105e+02
5.656945878441773630e+02
5.656680704838970541e+02
5.656411877084618709e+02
5.656139384574321411e+02
5.655863216703678518e+02
5.655583362868293307e+02
5.655299812463767921e+02
5.655012554885702230e+02
5.654721579529700648e+02
5.654426875791361908e+02
5.654128433066289290e+02
5.653826240750086072e+02
5.653520288238352123e+02
5.653210564926689585e+02
5.652897060210700602e+02
5.652579763485986177e+02
5.652258664148149592e+02
5.651933751592790713e+02
5.651605015215513959e+02
5.651272444411918059e+02
5.650936028577605157e+02
5.650595757108179669e+02
5.650251619399241463e+02
5.649903604846392682e+02
5.649551702845235468e+02
5.649195902791370827e+02
5.648836194080400901e+02
5.648472566107927832e+02
5.648105008269551490e+02
5.647733509960877427e+02
5.647358060577504375e+02
5.646978649515035613e+02
5.646595266169072147e+02
5.646207899935214982e+02
5.645816540209067398e+02
5.645421176386230400e+02
5.645021797862307267e+02
5.644618394032896731e+02
5.644210954293603208e+02
5.643799468040027705e+02
5.643383924667771225e+02
5.642964313572437050e+02
5.642540624149625046e+02
5.642112845794939631e+02
5.641680967903980672e+02
5.641244979872349177e+02
5.640804871095649560e+02
5.640360630969482827e+02
5.639912248889447710e+02
5.639459714251149762e+02
5.639003016450189989e+02
5.638542144882168259e+02
5.638077088942687851e+02
5.637607838027350908e+02
5.637134381531758436e+02
5.636656708851512576e+02
5.636174809382214335e+02
5.635688672519465854e+02
5.635198287658870413e+02
5.634703644196027881e+02
5.634204731526540399e+02
5.633701539046011249e+02
5.633194056150040296e+02
5.632682272234229686e+02
5.632166176694182695e+02
5.631645758925499194e+02
5.631121008323781325e+02
5.630591914284632367e+02
5.630058466203652188e+02
5.629520653476444068e+02
5.628978465498610149e+02
5.628431891665749163e+02
5.627880921373466663e+02
5.627325544017361381e+02
5.626765748993036595e+02
5.626201525696095587e+02
5.625632863522137086e+02
5.625059751866764373e+02
5.624482180125580726e+02
5.623900137694183741e+02
5.623313613968180107e+02
5.622722598343167419e+02
5.622127080214750094e+02
5.621527048978529137e+02
5.620922494030107828e+02
5.620313404765083760e+02
5.619699770579063625e+02
5.619081580867646153e+02
5.618458825026434624e+02
5.617831492451030044e+02
5.617199572537033418e+02
5.616563054680048026e+02
5.615921928275674873e+02
5.615276182719517237e+02
5.614625807407173852e+02
5.613970791734249133e+02
5.613311125096344085e+02
5.612646796889060852e+02
5.611977796507999301e+02
5.611304113348764986e+02
5.610625736806955501e+02
5.609942656278175264e+02
5.609254861158024141e+02
5.608562340842106551e+02
5.607865084726022360e+02
5.607163082205374849e+02
5.606456322675762749e+02
5.605744795532791613e+02
5.605028490172060174e+02
5.604307395989172846e+02
5.603581502379729500e+02
5.602850798739331140e+02
5.602115274463583319e+02
5.601374918948083632e+02
5.600629721588436496e+02
5.599879671780242916e+02
5.599124758919103897e+02
5.598364972400622719e+02
5.597600301620399250e+02
5.596830735974036770e+02
5.596056264857136284e+02
5.595276877665302209e+02
5.594492563794132138e+02
5.593703312639229352e+02
5.592909113596197130e+02
5.592109956060636478e+02
5.591305829428148400e+02
5.590496723094335039e+02
5.589682626454798537e+02
5.588863528905141038e+02
5.588039419840963546e+02
5.587210288657868205e+02
5.586376124751456018e+02
5.585536917517329130e+02
5.584692656351090818e+02
5.583843330648340952e+02
5.582988929804681675e+02
5.582129443215715128e+02
5.581264860277044590e+02
5.580395170384268795e+02
5.579520362932991020e+02
5.578640427318814545e+02
5.577755352937338102e+02
5.576865129184166108e+02
5.575969745454898430e+02
5.575069191145139484e+02
5.574163455650486867e+02
5.573252528366546130e+02
5.572336398688918280e+02
5.571415056013203184e+02
5.570488489735004123e+02
5.569556689249924375e+02
5.568619643953562672e+02
5.567677343241522294e+02
5.566729776509405383e+02
5.565776933152812944e+02
5.564818802567347120e+02
5.563855374148610053e+02
5.562886637292202749e+02
5.561912581393727351e+02
5.560933195848785999e+02
5.559948470052978564e+02
5.558958393401909461e+02
5.557962955291179696e+02
5.556962145116391412e+02
5.555955952273146750e+02
5.554944366157044442e+02
5.553927376163688905e+02
5.552904971688681144e+02
5.551877142127624438e+02
5.550843876876118657e+02
5.549805165329764804e+02
5.548760996884168435e+02
5.547711360934927143e+02
5.546656246877645344e+02
5.545595644107924045e+02
5.544529542021365387e+02
5.543457930013570376e+02
5.542380797480141155e+02
5.541298133816678728e+02
5.540209928418787513e+02
5.539116170682066240e+02
5.538016850002118190e+02
5.536911955774545504e+02
5.535801477394949188e+02
5.534685404258930248e+02
5.533563725762091963e+02
5.532436431300035338e+02
5.531303510268362515e+02
5.530164952062675638e+02
5.529020746078575712e+02
5.527870881711664879e+02
5.526715348357544144e+02
5.525554135411816787e+02
5.524387232270083814e+02
5.523214628327946230e+02
5.522036312981007313e+02
5.520852275624866934e+02
5.519662505655129507e+02
5.518466992467394903e+02
5.517265725457266399e+02
5.516058694020342728e+02
5.514845887552228305e+02
5.513627295448525274e+02
5.512402907104833503e+02
5.511172711916757407e+02
5.509936699279894583e+02
5.508694858589851719e+02
5.507447179242226412e+02
5.506193650632621939e+02
5.504934262156641580e+02
5.503669003209886341e+02
5.502397863187956091e+02
5.501120831486455245e+02
5.499837897500983672e+02
5.498549050627144652e+02
5.497254280260538053e+02
5.495953575796768291e+02
5.494646926631435235e+02
5.493334322160142165e+02
5.492015751778487811e+02
5.490691204882076590e+02
5.489360670866509508e+02
5.488024139127388707e+02
5.486681599060316330e+02
5.485333040060893381e+02
5.483978451524722004e+02
5.482617822847403204e+02
5.481251143424540260e+02
5.479878402651733040e+02
5.478499589924585962e+02
5.477114694638697756e+02
5.475723706189672839e+02
5.474326613973111080e+02
5.472923407384614620e+02
5.471514075819786740e+02
5.470098608674228444e+02
5.468676995343539602e+02
5.467249225223324629e+02
5.465815287709185668e+02
5.464375172196721451e+02
5.462928868081536393e+02
5.461476364759229227e+02
5.460017651625405506e+02
5.458552718075665098e+02
5.457081553505610145e+02
5.455604147310841654e+02
5.454120488886961766e+02
5.452630567629573761e+02
5.451134372934277508e+02
5.449631894196675148e+02
5.448123120812369962e+02
5.446608042176961817e+02
5.445086647686052856e+02
5.443558926735245223e+02
5.442024868720143331e+02
5.440484463036343641e+02
5.438937699079451704e+02
5.437384566245068527e+02
5.435825053928795114e+02
5.434259151526232472e+02
5.432686848432985016e+02
5.431108134044653752e+02
5.429522997756839686e+02
5.427931428965143823e+02
5.426333417065169442e+02
5.424728951452516412e+02
5.423118021522791423e+02
5.421500616671589796e+02
5.419876726294517084e+02
5.418246339787175430e+02
5.416609446545164701e+02
5.414966035964087041e+02
5.413316097439544592e+02
5.411659620367140633e+02
5.409996594142473896e+02
5.408327008161147660e+02
5.406650851818765204e+02
5.404968114510926398e+02
5.403278785633234520e+02
5.401582854581289439e+02
5.399880310750693297e+02
5.398171143537049375e+02
5.396455342335957539e+02
5.394732896543021070e+02
5.393003795553840973e+02
5.391268028764020528e+02
5.389525585569158466e+02
5.387776455364860340e+02
5.386020627546724882e+02
5.384258091510355371e+02
5.382488836651352813e+02
5.380712852365319350e+02
5.378930128047857124e+02
5.377140653094568279e+02
5.375344416901052682e+02
5.373541408862913613e+02
5.371731618375754351e+02
5.369915034835173628e+02
5.368091647636774724e+02
5.366261446176158643e+02
5.364424419848928665e+02
5.362580558050684658e+02
5.360729850177031039e+02
5.358872285623566540e+02
5.357007853785894440e+02
5.355136544059616881e+02
5.353258345840334869e+02
5.351373248523650545e+02
5.349481241505166054e+02
5.347582314180481262e+02
5.345676455945201724e+02
5.343763656194926170e+02
5.341843904325257881e+02
5.339917189731797862e+02
5.337983501810147118e+02
5.336042829955906655e+02
5.334095163564684299e+02
5.332140492032074235e+02
5.330178804753683153e+02
5.328210091125110921e+02
5.326234340541957408e+02
5.324251542399830441e+02
5.322261686094325341e+02
5.320264761021045388e+02
5.318260756575593859e+02
5.316249662153574036e+02
5.314231467150584649e+02
5.312206160962228978e+02
5.310173732984109165e+02
5.308134172611823942e+02
