5.675281532426437252e+02
5.673310022277557891e+02
5.671344168805060235e+02
5.669383965134171603e+02
5.667429404390123864e+02
5.665480479698137515e+02
5.663537184183442150e+02
5.661599510971265090e+02
5.659667453186832518e+02
5.657741003955368342e+02
5.655820156402104431e+02
5.653904903652264693e+02
5.651995238831073038e+02
5.650091155063761335e+02
5.648192645475553491e+02
5.646299703191677963e+02
5.644412321337357525e+02
5.642530493037824044e+02
5.640654211418299155e+02
5.638783469604014726e+02
5.636918260720193530e+02
5.635058577892064022e+02
5.633204414244852387e+02
5.631355762903784807e+02
5.629512616994089740e+02
5.627674969640992231e+02
5.625842813969719600e+02
5.624016143105498031e+02
5.622194950173553707e+02
5.620379228299116221e+02
5.618568970607409483e+02
5.616764170223660813e+02
5.614964820273096393e+02
5.613170913880944681e+02
5.611382444172432997e+02
5.609599404272782976e+02
5.607821787307227623e+02
5.606049586400990847e+02
5.604282794679295421e+02
5.602521405267375485e+02
5.600765411290453812e+02
5.599014805873755449e+02
5.597269582142512263e+02
5.595529733221945889e+02
5.593795252237283648e+02
5.592066132313756270e+02
5.590342366576587665e+02
5.588623948151002878e+02
5.586910870162231504e+02
5.585203125735497451e+02
5.583500707996030314e+02
5.581803610069056276e+02
5.580111825079798109e+02
5.578425346153489954e+02
5.576744166415352311e+02
5.575068278990613635e+02
5.573397677004501247e+02
5.571732353582241331e+02
5.570072301849061205e+02
5.568417514930185916e+02
5.566767985950845059e+02
5.565123708036262542e+02
5.563484674311664548e+02
5.561850877902281809e+02
5.560222311933338233e+02
5.558598969530060003e+02
5.556980843817674440e+02
5.555367927921408864e+02
5.553760214966490594e+02
5.552157698078144676e+02
5.550560370381597295e+02
5.548968225002076906e+02
5.547381255064810830e+02
5.545799453695024113e+02
5.544222814017944074e+02
5.542651329158796898e+02
5.541084992242809903e+02
5.539523796395209274e+02
5.537967734741222330e+02
5.536416800406075254e+02
5.534870986514995366e+02
5.533330286193206575e+02
5.531794692565939613e+02
5.530264198758421799e+02
5.528738797895875905e+02
5.527218483103529252e+02
5.525703247506609159e+02
5.524193084230345221e+02
5.522687986399959073e+02
5.521187947140682581e+02
5.519692959577738520e+02
5.518203016836354209e+02
5.516718112041758104e+02
5.515238238319176389e+02
5.513763388793834110e+02
5.512293556590959724e+02
5.510828734835779414e+02
5.509368916653519364e+02
5.507914095169408029e+02
5.506464263508669319e+02
5.505019414796532828e+02
5.503579542158222466e+02
5.502144638718965552e+02
5.500714697603992818e+02
5.499289711938524761e+02
5.497869674847793249e+02
5.496454579457021055e+02
5.495044418891436635e+02
5.493639186276267310e+02
5.492238874736739263e+02
5.490843477398078676e+02
5.489452987385512870e+02
5.488067397824269165e+02
5.486686701839571469e+02
5.485310892556650515e+02
5.483939963100731347e+02
5.482573906597037876e+02
5.481212716170800832e+02
5.479856384947244123e+02
5.478504906051597345e+02
5.477158272609083269e+02
5.475816477744933763e+02
5.474479514584369326e+02
5.473147376252621825e+02
5.471820055874916306e+02
5.470497546576476680e+02
5.469179841482534812e+02
5.467866933718314613e+02
5.466558816409041128e+02
5.465255482679945089e+02
5.463956925656250405e+02
5.462663138463183259e+02
5.461374114225972107e+02
5.460089846069843134e+02
5.458810327120022521e+02
5.457535550501737589e+02
5.456265509340215658e+02
5.455000196760680637e+02
5.453739605888362121e+02
5.452483729848486291e+02
5.451232561766280469e+02
5.449986094766968563e+02
5.448744321975779030e+02
5.447507236517940328e+02
5.446274831518675228e+02
5.445047100103213324e+02
5.443824035396781937e+02
5.442605630524604976e+02
5.441391878611910897e+02
5.440182772783925884e+02
5.438978306165877257e+02
5.437778471882991198e+02
5.436583263060495028e+02
5.435392672823614930e+02
5.434206694297575950e+02
5.433025320607609956e+02
5.431848544878937446e+02
5.430676360236788014e+02
5.429508759806387843e+02
5.428345736712966527e+02
5.427187284081746839e+02
5.426033395037956097e+02
5.424884062706821624e+02
5.423739280213571874e+02
5.422599040683430758e+02
5.421463337241627869e+02
5.420332163013385980e+02
5.419205511123935821e+02
5.418083374698501302e+02
5.416965746862308606e+02
5.415852620740589600e+02
5.414743989458565920e+02
5.413639846141466023e+02
5.412540183914514955e+02
5.411444995902942310e+02
5.410354275231973133e+02
5.409268015026832472e+02
5.408186208412749920e+02
5.407108848514951660e+02
5.406035928458662738e+02
5.404967441369111611e+02
5.403903380371523326e+02
5.402843738591126339e+02
5.401788509153147970e+02
5.400737685182812129e+02
5.399691259805346135e+02
5.398649226145978446e+02
5.397611577329935244e+02
5.396578306482441576e+02
5.395549406728725899e+02
5.394524871194014395e+02
5.393504693003533248e+02
5.392488865282510915e+02
5.391477381156173578e+02
5.390470233749745148e+02
5.389467416188454081e+02
5.388468921597528833e+02
5.387474743102192178e+02
5.386484873827677120e+02
5.385499306899204157e+02
5.384518035442002883e+02
5.383541052581299482e+02
5.382568351442320136e+02
5.381599925150294439e+02
5.380635766830444027e+02
5.379675869607998493e+02
5.378720226608185158e+02
5.377768830956230204e+02
5.376821675777358678e+02
5.375878754196800173e+02
5.374940059339779737e+02
5.374005584331523551e+02
5.373075322297260072e+02
5.372149266362214348e+02
5.371227409651612561e+02
5.370309745290684305e+02
5.369396266404653488e+02
5.368486966118747432e+02
5.367581837558193456e+02
5.366680873848218880e+02
5.365784068114048750e+02
5.364891413480911524e+02
5.364002903074032247e+02
5.363118530018638239e+02
5.362238287439955684e+02
5.361362168463213038e+02
5.360490166213635348e+02
5.359622273816448796e+02
5.358758484396884114e+02
5.357898791080162937e+02
5.357043186991512584e+02
5.356191665256163787e+02
5.355344218999340455e+02
5.354500841346268771e+02
5.353661525422174918e+02
5.352826264352288490e+02
5.351995051261834533e+02
5.351167879276039230e+02
5.350344741520132175e+02
5.349525631119333866e+02
5.348710541198877308e+02
5.347899464883985274e+02
5.347092395299887357e+02
5.346289325571808604e+02
5.345490248824975197e+02
5.344695158184615593e+02
5.343904046775954839e+02
5.343116907724221392e+02
5.342333734154640297e+02
5.341554519192438875e+02
5.340779255962843308e+02
5.340007937591080918e+02
5.339240557202379023e+02
5.338477107921961533e+02
5.337717582875060316e+02
5.336961975186897007e+02
5.336210277982701200e+02
5.335462484387697941e+02
5.334718587527115687e+02
5.333978580526178348e+02
5.333242456510115517e+02
5.332510208604152240e+02
5.331781829933515837e+02
5.331057313623432492e+02
5.330336652799130661e+02
5.329619840585836528e+02
5.328906870108774001e+02
5.328197734493172675e+02
5.327492426864257595e+02
5.326790940347256083e+02
5.326093268067396593e+02
5.325399403149903037e+02
5.324709338720003871e+02
5.324023067902925277e+02
5.323340583823894576e+02
5.322661879608135678e+02
5.321986948380879312e+02
5.321315783267348252e+02
5.320648377392773227e+02
5.319984723882378148e+02
5.319324815861391471e+02
5.318668646455037106e+02
5.318016208788545782e+02
5.317367495987140273e+02
5.316722501176050173e+02
5.316081217480501664e+02
5.315443638025718656e+02
5.314809755936930742e+02
5.314179564339364106e+02
5.313553056358246067e+02
5.312930225118802809e+02
5.312311063746259379e+02
5.311695565365844232e+02
5.311083723102783551e+02
5.310475530082304658e+02
5.309870979429633735e+02
5.309270064269998102e+02
5.308672777728621668e+02
5.308079112930736301e+02
5.307489063001563636e+02
5.306902621066333268e+02
5.306319780250271378e+02
5.305740533678604152e+02
5.305164874476557770e+02
5.304592795769360691e+02
5.304024290682237961e+02
5.303459352340416899e+02
5.302897973869125963e+02
5.302340148393587924e+02
5.301785869039033514e+02
5.301235128930686642e+02
5.300687921193775765e+02
5.300144238953525928e+02
5.299604075335166726e+02
5.299067423463920932e+02
5.298534276465018138e+02
5.298004627463683391e+02
5.297478469585144012e+02
5.296955795954627320e+02
5.296436599697359497e+02
5.295920873938566729e+02
5.295408611803478607e+02
5.294899806417317905e+02
5.294394450905311942e+02
5.293892538392689175e+02
5.293394062004675789e+02
5.292899014866497964e+02
5.292407390103383023e+02
5.291919180840557146e+02
5.291434380203246519e+02
5.290952981316678461e+02
5.290474977306081428e+02
5.290000361296679330e+02
5.289529126413699487e+02
5.289061265782369219e+02
5.288596772527916983e+02
5.288135639775565551e+02
5.287677860650543380e+02
5.287223428278078927e+02
5.286772335783397239e+02
5.286324576291724497e+02
5.285880142928289160e+02
5.285439028818316274e+02
5.285001227087033158e+02
5.284566730859665995e+02
5.284135533261443243e+02
5.283707627417588810e+02
5.283283006453332291e+02
5.282861663493898732e+02
5.282443591664515452e+02
5.282028784090407498e+02
5.281617233896803327e+02
5.281208934208930259e+02
5.280803878152014477e+02
5.280402058851281026e+02
5.280003469431958365e+02
5.279608103019271539e+02
5.279215952738450142e+02
5.278827011714716946e+02
5.278441273073302682e+02
5.278058729939431259e+02
5.277679375438331135e+02
5.277303202695226219e+02
5.276930204835347240e+02
5.276560374983918109e+02
5.276193706266165009e+02
5.275830191807317533e+02
5.275469824732600728e+02
5.275112598167240776e+02
5.274758505236463861e+02
5.274407539065498440e+02
5.274059692779570696e+02
5.273714959503909085e+02
5.273373332363735244e+02
5.273034804484281040e+02
5.272699368990769244e+02
5.272367019008430589e+02
5.272037747662487845e+02
5.271711548078169471e+02
5.271388413380702787e+02
5.271068336695315111e+02
5.270751311147230354e+02
5.270437329861678109e+02
5.270126385963881148e+02
5.269818472579072477e+02
5.269513582832472594e+02
5.269211709849312228e+02
5.268912846754816428e+02
5.268616986674210239e+02
5.268324122732724391e+02
5.268034248055581656e+02
5.267747355768011630e+02
5.267463438995239358e+02
5.267182490862492159e+02
5.266904504494996218e+02
5.266629473017979990e+02
5.266357389556667385e+02
5.266088247236287998e+02
5.265822039182064600e+02
5.265558758519227922e+02
5.265298398373003010e+02
5.265040951868616048e+02
5.264786412131294355e+02
5.264534772286266389e+02
5.264286025458757194e+02
5.264040164773990682e+02
5.263797183357198719e+02
5.263557074333605215e+02
5.263319830828435215e+02
5.263085445966919451e+02
5.262853912874282969e+02
5.262625224675750815e+02
5.262399374496551445e+02
5.262176355461911044e+02
5.261956160697056930e+02
5.261738783327215287e+02
5.261524216477611162e+02
5.261312453273475285e+02
5.261103486840029291e+02
5.260897310302503911e+02
5.260693916786125328e+02
5.260493299416117452e+02
5.260295451317709876e+02
5.260100365616127647e+02
5.259908035436600358e+02
5.259718453904350781e+02
5.259531614144607374e+02
5.259347509282598594e+02
5.259166132443548349e+02
5.258987476752683961e+02
5.258811535335231611e+02
5.258638301316420893e+02
5.258467767821475718e+02
5.258299927975622268e+02
5.258134774904088999e+02
5.257972301732105507e+02
5.257812501584892289e+02
5.257655367587680075e+02
5.257500892865692776e+02
5.257349070544159986e+02
5.257199893748307886e+02
5.257053355603361524e+02
5.256909449234549356e+02
5.256768167767096429e+02
5.256629504326230062e+02
5.256493452037177576e+02
5.256360004025166290e+02
5.256229153415422388e+02
5.256100893333170916e+02
5.255975216903639193e+02
5.255852117252055677e+02
5.255731587503644278e+02
5.255613620783635724e+02
5.255498210217251653e+02
5.255385348929723932e+02
5.255275030046276470e+02
5.255167246692134313e+02
5.255061991992529329e+02
5.254959259072682016e+02
5.254859041057823106e+02
5.254761331073177644e+02
5.254666122243974087e+02
5.254573407695437481e+02
5.254483180552796284e+02
5.254395433941273268e+02
5.254310160986099163e+02
5.254227354812501289e+02
5.254147008545703557e+02
5.254069115310932148e+02
5.253993668233415519e+02
5.253920660438379855e+02
5.253850085051053611e+02
5.253781935196660697e+02
5.253716204000428434e+02
5.253652884587586414e+02
5.253591970083356273e+02
5.253533453612968742e+02
5.253477328301650005e+02
5.253423587274623969e+02
5.253372223657121367e+02
5.253323230574364970e+02
5.253276601151585510e+02
5.253232328514006895e+02
5.253190405786856445e+02
5.253150826095360344e+02
5.253113582564745911e+02
5.253078668320240467e+02
5.253046076487070195e+02
5.253015800190461277e+02
5.252987832555642171e+02
5.252962166707836786e+02
5.252938795772273579e+02
5.252917712874178733e+02
5.252898911138780704e+02
5.252882383691302266e+02
5.252868123656974149e+02
5.252856124161020261e+02
5.252846378328670198e+02
5.252838879285147868e+02
5.252833620155681729e+02
5.252830594065496825e+02
5.252829794139821615e+02
5.252831213503882282e+02
5.252834845282903871e+02
5.252840682602117113e+02
5.252848718586742507e+02
5.252858946362014194e+02
5.252871359053151537e+02
5.252885949785386401e+02
5.252902711683943835e+02
5.252921637874050020e+02
5.252942721480933415e+02
5.252965955629819064e+02
5.252991333445933151e+02
5.253018848054504133e+02
5.253048492580757056e+02
5.253080260149920377e+02
5.253114143887219143e+02
5.253150136917881809e+02
5.253188232367133423e+02
5.253228423360201305e+02
5.253270703022311636e+02
5.253315064478692875e+02
5.253361500854570068e+02
5.253410005275169397e+02
5.253460570865719319e+02
5.253513190751446018e+02
5.253567858057575677e+02
5.253624565909336752e+02
5.253683307431952016e+02
5.253744075750651064e+02
5.253806863990661213e+02
5.253871665277207512e+02
5.253938472735517280e+02
5.254007279490816700e+02
5.254078078668334228e+02
5.254150863393293776e+02
5.254225626790924935e+02
5.254302361986451615e+02
5.254381062105103410e+02
5.254461720272105367e+02
5.254544329612683669e+02
5.254628883252066771e+02
5.254715374315479721e+02
5.254803795928149839e+02
5.254894141215303307e+02
5.254986403302167446e+02
5.255080575313969575e+02
5.255176650375934742e+02
5.255274621613292538e+02
5.255374482151265738e+02
5.255476225115083935e+02
5.255579843629972174e+02
5.255685330821158914e+02
5.255792679813870336e+02
5.255901883733331488e+02
5.256012935704769689e+02
5.256125828853414532e+02
5.256240556304487654e+02
5.256357111183219786e+02
5.256475486614837109e+02
5.256595675724564671e+02
5.256717671637629792e+02
5.256841467479260928e+02
5.256967056374681988e+02
5.257094431449121430e+02
5.257223585827804300e+02
5.257354512635961328e+02
5.257487204998814150e+02
5.257621656041592360e+02
5.257757858889521003e+02
5.257895806667829675e+02
5.258035492501743420e+02
5.258176909516487285e+02
5.258320050837289727e+02
5.258464909589376930e+02
5.258611478897976212e+02
5.258759751888313758e+02
5.258909721685615750e+02
5.259061381415111782e+02
5.259214724202023490e+02
5.259369743171582741e+02
5.259526431449012307e+02
5.259684782159541783e+02
5.259844788428395077e+02
5.260006443380801784e+02
5.260169740141986949e+02
5.260334671837176757e+02
5.260501231591599662e+02
5.260669412530480713e+02
5.260839207779047229e+02
5.261010610462526529e+02
5.261183613706144797e+02
5.261358210635128216e+02
5.261534394374705244e+02
5.261712158050098651e+02
5.261891494786540306e+02
5.262072397709252982e+02
5.262254859943466272e+02
5.262438874614405222e+02
5.262624434847296016e+02
5.262811533767365972e+02
5.263000164499841276e+02
5.263190320169951519e+02
5.263381993902919476e+02
5.263575178823973602e+02
5.263769868058341217e+02
5.263966054731247368e+02
5.264163731967920512e+02
5.264362892893585695e+02
5.264563530633471373e+02
5.264765638312802594e+02
5.264969209056807813e+02
5.265174235990712077e+02
5.265380712239742707e+02
5.265588630929127021e+02
5.265797985184091203e+02
5.266008768129860300e+02
5.266220972891665042e+02
5.266434592594728201e+02
5.266649620364278235e+02
5.266866049325541326e+02
5.267083872603744794e+02
5.267303083324115960e+02
5.267523674611879869e+02
5.267745639592262705e+02
5.267968971390494062e+02
5.268193663131798985e+02
5.268419707941403658e+02
5.268647098944534264e+02
5.268875829266420396e+02
5.269105892032285965e+02
5.269337280367358289e+02
5.269569987396864690e+02
5.269804006246032486e+02
5.270039330040086725e+02
5.270275951904254725e+02
5.270513864963762671e+02
5.270753062343839019e+02
5.270993537169708816e+02
5.271235282566599381e+02
5.271478291659739170e+02
5.271722557574349821e+02
5.271968073435664337e+02
5.272214832368904354e+02
5.272462827499298328e+02
5.272712051952075853e+02
5.272962498852457429e+02
5.273214161325677196e+02
5.273467032496955653e+02
5.273721105491521257e+02
5.273976373434602465e+02
5.274232829451425459e+02
5.274490466667215287e+02
5.274749278207199268e+02
5.275009257196605859e+02
5.275270396760658969e+02
5.275532690024587055e+02
5.275796130113617437e+02
5.276060710152976299e+02
5.276326423267887549e+02
5.276593262583583055e+02
5.276861221225285590e+02
5.277130292318222473e+02
5.277400468987622162e+02
5.277671744358708565e+02
5.277944111556711277e+02
5.278217563706855344e+02
5.278492093934368086e+02
5.278767695364475685e+02
5.279044361122404325e+02
5.279322084333382463e+02
5.279600858122636282e+02
5.279880675615390828e+02
5.280161529936874558e+02
5.280443414212312518e+02
5.280726321566934303e+02
5.281010245125963820e+02
5.281295178014629528e+02
5.281581113358156472e+02
5.281868044281773109e+02
5.282155963910704486e+02
5.282444865370179059e+02
5.282734741785420738e+02
5.283025586281659116e+02
5.283317391984120377e+02
5.283610152018030703e+02
5.283903859508616279e+02
5.284198507581105559e+02
5.284494089360723592e+02
5.284790597972695423e+02
5.285088026542251782e+02
5.285386368194616580e+02
5.285685616055018272e+02
5.285985763248683043e+02
5.286286802900835937e+02
5.286588728136706550e+02
5.286891532081517653e+02
5.287195207860499977e+02
5.287499748598877432e+02
5.287805147421878473e+02
5.288111397454730422e+02
5.288418491822656051e+02
5.288726423650887227e+02
5.289035186064645586e+02
5.289344772189162995e+02
5.289655175149662227e+02
5.289966388071370602e+02
5.290278404079516577e+02
5.290591216299325197e+02
5.290904817856024920e+02
5.291219201874840792e+02
5.291534361481000133e+02
5.291850289799729126e+02
5.292166979956253954e+02
5.292484425075804211e+02
5.292802618283602669e+02
5.293121552704878923e+02
5.293441221464859154e+02
5.293761617688769547e+02
5.294082734501836285e+02
5.294404565029287824e+02
5.294727102396349210e+02
5.295050339728247764e+02
5.295374270150209668e+02
5.295698886787462243e+02
5.296024182765232808e+02
5.296350151208746411e+02
5.296676785243230370e+02
5.297004077993912006e+02
5.297332022586017501e+02
5.297660612144775314e+02
5.297989839795409353e+02
5.298319698663146937e+02
5.298650181873215388e+02
5.298981282550842025e+02
5.299312993821253031e+02
5.299645308809675726e+02
5.299978220641334019e+02
5.300311722441458642e+02
5.300645807335272366e+02
5.300980468448005922e+02
5.301315698904883220e+02
5.301651491831130443e+02
5.301987840351977184e+02
5.302324737592647352e+02
5.302662176678370543e+02
5.303000150734369527e+02
5.303338652885873898e+02
5.303677676258109841e+02
5.304017213976304674e+02
5.304357259165683445e+02
5.304697804951472335e+02
5.305038844458902076e+02
5.305380370813195441e+02
5.305722377139580885e+02
5.306064856563283456e+02
5.306407802209532747e+02
5.306751207203552667e+02
5.307095064670570537e+02
5.307439367735815949e+02
5.307784109524511678e+02
5.308129283161885041e+02
5.308474881773164498e+02
5.308820898483575093e+02
5.309167326418346420e+02
5.309514158702701252e+02
5.309861388461868046e+02
5.310209008821075258e+02
5.310557012905545662e+02
5.310905393840511124e+02
5.311254144751192143e+02
5.311603258762821724e+02
5.311952729000621503e+02
5.312302548589821072e+02
5.312652710655646615e+02
5.313003208323324316e+02
5.313354034718080356e+02
5.313705182965143194e+02
5.314056646189737876e+02
5.314408417517092857e+02
5.314760490072432049e+02
5.315112856980985043e+02
5.315465511367976887e+02
5.315818446358633764e+02
5.316171655078186404e+02
5.316525130651856443e+02
5.316878866204872338e+02
5.317232854862461409e+02
5.317587089749848701e+02
5.317941563992264946e+02
5.318296270714932916e+02
5.318651203043079931e+02
5.319006354101934448e+02
5.319361717016720377e+02
5.319717284912667310e+02
5.320073050915000294e+02
5.320429008148946650e+02
5.320785149739732560e+02
5.321141468812585344e+02
5.321497958492732323e+02
5.321854611905396268e+02
5.322211422175810185e+02
5.322568382429196845e+02
5.322925485790781295e+02
5.323282725385794265e+02
5.323640094339461939e+02
5.323997585777008226e+02
5.324355192823661582e+02
5.324712908604648192e+02
5.325070726245195374e+02
5.325428638870530449e+02
5.325786639605878463e+02
5.326144721576466736e+02
5.326502877907521452e+02
5.326861101724272203e+02
5.327219386151941762e+02
5.327577724315758587e+02
5.327936109340949997e+02
5.328294534352741039e+02
5.328652992476361305e+02
5.329011476837033570e+02
5.329369980559987425e+02
5.329728496770449055e+02
5.330087018593643506e+02
5.330445539154800372e+02
5.330804051579144698e+02
5.331162548991901531e+02
5.331521024518301601e+02
5.331879471283567682e+02
5.332237882412929366e+02
5.332596251031611700e+02
5.332954570264842005e+02
5.333312833237846462e+02
5.333671033075852392e+02
5.334029162904085979e+02
5.334387215847774542e+02
5.334745185032144263e+02
5.335103063582421328e+02
5.335460844623833054e+02
5.335818521281606763e+02
5.336176086680968638e+02
5.336533533947144861e+02
5.336890856205363889e+02
5.337248046580849632e+02
5.337605098198830547e+02
5.337962004184533953e+02
5.338318757663184897e+02
5.338675351760011836e+02
5.339031779600238679e+02
5.339388034309095019e+02
5.339744109011808177e+02
5.340099996833600926e+02
5.340455690899702859e+02
5.340811184516976482e+02
5.341166473103797898e+02
5.341521553440810521e+02
5.341876422331359890e+02
5.342231076578799502e+02
5.342585512986472622e+02
5.342939728357731610e+02
5.343293719495923142e+02
5.343647483204393893e+02
5.344001016286495087e+02
5.344354315545569989e+02
5.344707377784973232e+02
5.345060199808048083e+02
5.345412778418145763e+02
5.345765110418614086e+02
5.346117192612797453e+02
5.346469021804048225e+02
5.346820594795714214e+02
5.347171908391142097e+02
5.347522959393683095e+02
5.347873744606680475e+02
5.348224260833485459e+02
5.348574504877446998e+02
5.348924473541911766e+02
5.349274163630229850e+02
5.349623571945747926e+02
5.349972695291812670e+02
5.350321530471775304e+02
5.350670074288983642e+02
5.351018323546783222e+02
5.351366275048525267e+02
5.351713925597556454e+02
5.352061271997226868e+02
5.352408311050882048e+02
5.352755039561870944e+02
5.353101454333542506e+02
5.353447552169244545e+02
5.353793329872326012e+02
5.354138784246135856e+02
5.354483912094018478e+02
5.354828710219325103e+02
5.355173175425403542e+02
5.355517304515603882e+02
5.355861094293270526e+02
5.356204541561754695e+02
5.356547643124401930e+02
5.356890395784563452e+02
5.357232796345585939e+02
5.357574841610818339e+02
5.357916528383606192e+02
5.358257853467299583e+02
5.358598813665248599e+02
5.358939405780798779e+02
5.359279626617301346e+02
5.359619472978099566e+02
5.359958941666546934e+02
5.360298029485987854e+02
5.360636733239772411e+02
5.360975049731249555e+02
5.361312975763764825e+02
5.361650508140668308e+02
5.361987643665307814e+02
5.362324379141033432e+02
5.362660711371189564e+02
5.362996637159127431e+02
5.363332153308192574e+02
5.363667256621737351e+02
5.364001943903106167e+02
5.364336211955649105e+02
5.364670057582713980e+02
5.365003477587648604e+02
5.365336468773801926e+02
5.365669027944521758e+02
5.366001151903155915e+02
5.366332837453053344e+02
5.366664081397562995e+02
5.366994880540030408e+02
5.367325231683806805e+02
5.367655131632238863e+02
5.367984577188673256e+02
5.368313565156461209e+02
5.368642092338950533e+02
5.368970155539486768e+02
5.369297751561421137e+02
5.369624877208101452e+02
5.369951529282872116e+02
5.370277704589086625e+02
5.370603399930090518e+02
5.370928612109233882e+02
5.371253337929861118e+02
5.371577574195324587e+02
5.371901317708969827e+02
5.372224565274146926e+02
5.372547313694202558e+02
5.372869559772485673e+02
5.373191300312344083e+02
5.373512532117127876e+02
5.373833251990180315e+02
5.374153456734856036e+02
5.374473143154497166e+02
5.374792308052458338e+02
5.375110948232082819e+02
5.375429060496721831e+02
5.375746641649719777e+02
5.376063688494427879e+02
5.376380197834195087e+02
5.376696166472368077e+02
5.377011591212294661e+02
5.377326468857323789e+02
5.377640796210802137e+02
5.377954570076082064e+02
5.378267787256506836e+02
5.378580444555427675e+02
5.378892538776192396e+02
5.379204066722148809e+02
5.379515025196644729e+02
5.379825411003029103e+02
5.380135220944649745e+02
5.380444451824855605e+02
5.380753100446993358e+02
5.381061163614413090e+02
5.381368638130460340e+02
5.381675520798487469e+02
5.381981808421838878e+02
5.382287497803864653e+02
5.382592585747911471e+02
5.382897069057330555e+02
5.383200944535467443e+02
5.383504208985672221e+02
5.383806859211290430e+02
5.384108892015673291e+02
5.384410304202165207e+02
5.384711092574117401e+02
5.385011253934879960e+02
5.385310785087795011e+02
5.385609682836217189e+02
5.385907943983492032e+02
5.386205565332967353e+02
5.386502543687990965e+02
5.386798875851910680e+02
5.387094558628078858e+02
5.387389588819838764e+02
5.387683963230541622e+02
5.387977678663532970e+02
5.388270731922162895e+02
5.388563119809780346e+02
5.388854839129731999e+02
5.389145886685365667e+02
5.389436259280032573e+02
5.389725953717077118e+02
5.390014966799850527e+02
5.390303295331699474e+02
5.390590936115971772e+02
5.390877885956018645e+02
5.391164141655182220e+02
5.391449700016818269e+02
5.391734557844268920e+02
5.392018711940885396e+02
5.392302159110015509e+02
5.392584896155008209e+02
5.392866919879209036e+02
5.393148227085968074e+02
5.393428814578633137e+02
5.393708679160554311e+02
5.393987817635077135e+02
5.394266226805549422e+02
5.394543903475324669e+02
5.394820844447742729e+02
5.395097046526159374e+02
5.395372506513919006e+02
5.395647221214370575e+02
5.395921187430863029e+02
5.396194401966743044e+02
5.396466861625360707e+02
5.396738563210062694e+02
5.397009503524197953e+02
5.397279679371115435e+02
5.397549087554159541e+02
5.397817724876683769e+02
5.398085588142034794e+02
5.398352674153558155e+02
5.398618979714602801e+02
5.398884501628521093e+02
5.399149236698656296e+02
5.399413181728359632e+02
5.399676333520976641e+02
5.399938688879859683e+02
5.400200244608352023e+02
5.400460997509806020e+02
5.400720944387568352e+02
5.400980082044986830e+02
5.401238407285408130e+02
5.401495916912184612e+02
5.401752607728660678e+02
5.402008476538186414e+02
5.402263520144111908e+02
5.402517735349780423e+02
5.402771118958543184e+02
5.403023667773748002e+02
5.403275378598744965e+02
5.403526248236878473e+02
5.403776273491499751e+02
5.404025451165955474e+02
5.404273778063594591e+02
5.404521250987766052e+02
5.404767866741816533e+02
5.405013622129093847e+02
5.405258513952949215e+02
5.405502539016728178e+02
5.405745694123779685e+02
5.405987976077451549e+02
5.406229381681092718e+02
5.406469907738051006e+02
5.406709551051675362e+02
5.406948308425313598e+02
5.407186176662312391e+02
5.407423152566021827e+02
5.407659232939789717e+02
5.407894414586963876e+02
5.408128694310892115e+02
5.408362068914924521e+02
5.408594535202407769e+02
5.408826089976690810e+02
5.409056730041120318e+02
5.409286452199047517e+02
5.409515253253816809e+02
5.409743130008780554e+02
5.409970079267284291e+02
5.410196097832674695e+02
5.410421182508304128e+02
5.410645330097516990e+02
5.410868537403666778e+02
5.411090801230093348e+02
5.411312118380153606e+02
5.411532485657189682e+02
5.411751899864553934e+02
5.411970357805591902e+02
5.412187856283650262e+02
5.412404392102083648e+02
5.412619962064231913e+02
5.412834562973449692e+02
5.413048191633083661e+02
5.413260844846480495e+02
5.413472519416989144e+02
5.413683212147958557e+02
5.413892919842736546e+02
5.414101639304672062e+02
5.414309367337111780e+02
5.414516100743404650e+02
5.414721836326898483e+02
5.414926570890941093e+02
5.415130301238883703e+02
5.415333024174069578e+02
5.415534736499851078e+02
5.415735435019574879e+02
5.415935116536589931e+02
5.416133777854244045e+02
5.416331415775883897e+02
5.416528027104859575e+02
5.416723608644517753e+02
5.416918157198209656e+02
5.417111669569280821e+02
5.417304142561079061e+02
5.417495572976953326e+02
5.417685957620254840e+02
5.417875293294328003e+02
5.418063576802522903e+02
5.418250804948186214e+02
5.418436974534666888e+02
5.418622082365313872e+02
5.418806125243473844e+02
5.418989099972496888e+02
5.419171003355729681e+02
5.419351832196521173e+02
5.419531583298220312e+02
5.419710253464173775e+02
5.419887839497730511e+02
5.420064338202239469e+02
5.420239746381046189e+02
5.420414060837504167e+02
5.420587278374955531e+02
5.420759395796751505e+02
5.420930409906239902e+02
5.421100317506769670e+02
5.421269115401688623e+02
5.421436800394344573e+02
5.421603369288086469e+02
5.421768818886260988e+02
5.421933145992217078e+02
5.422096347409304826e+02
5.422258419940870908e+02
5.422419360390263137e+02
5.422579165560829324e+02
5.422737832255919557e+02
5.422895357278880510e+02
5.423051737433059998e+02
5.423206969521808105e+02
5.423361050348472645e+02
5.423513976716400293e+02
5.423665745428939999e+02
5.423816353289440713e+02
5.423965797101250246e+02
5.424114073667716411e+02
5.424261179792188159e+02
5.424407112278013301e+02
5.424551867928539650e+02
5.424695443547116156e+02
5.424837835937090631e+02
5.424979041901810888e+02
5.425119058244625876e+02
5.425257881768884545e+02
5.425395509277932433e+02
5.425531937575120764e+02
5.425667163463795077e+02
5.425801183747306595e+02
5.425933995229000857e+02
5.426065594712227949e+02
5.426195979000335683e+02
5.426325144896670736e+02
5.426453089204582056e+02
5.426579808727420868e+02
5.426705300268530436e+02
5.426829560631261984e+02
5.426952586618963323e+02
5.427074375034982268e+02
5.427194922682666629e+02
5.427314226365365357e+02
5.427432282886427402e+02
5.427549089049199438e+02
5.427664641657031552e+02
5.427778937513268147e+02
5.427891973421261582e+02
5.428003746184358533e+02
5.428114252605906813e+02
5.428223489489255371e+02
5.428331453637752020e+02
5.428438141854745709e+02
5.428543550943584250e+02
5.428647677707613184e+02
5.428750518950186006e+02
5.428852071474647119e+02
5.428952332129623528e+02
5.429051300480392683e+02
5.429148980303048120e+02
5.429245375735903281e+02
5.429340490917268198e+02
5.429434329985455179e+02
5.429526897078776528e+02
5.429618196335544553e+02
5.429708231894072696e+02
5.429797007892672127e+02
5.429884528469655152e+02
5.429970797763332939e+02
5.430055819912017796e+02
5.430139599054024302e+02
5.430222139327663626e+02
5.430303444871245802e+02
5.430383519823085408e+02
5.430462368321493614e+02
5.430539994504781589e+02
5.430616402511266188e+02
5.430691596479252894e+02
5.430765580547058562e+02
5.430838358852994361e+02
5.430909935535370323e+02
5.430980314732503302e+02
5.431049500582701057e+02
5.431117497224277031e+02
5.431184308795544666e+02
5.431249939434813996e+02
5.431314393280401873e+02
5.431377674470613783e+02
5.431439787143765443e+02
5.431500735438170295e+02
5.431560523492138373e+02
5.431619155443981981e+02
5.431676635432014564e+02
5.431732967594547290e+02
5.431788156069893603e+02
5.431842204996364671e+02
5.431895118512272802e+02
5.431946900755930301e+02
5.431997555865649474e+02
5.432047087979741491e+02
5.432095501236519794e+02
5.432142799774295554e+02
5.432188987731384486e+02
5.432234069246093213e+02
5.432278048456736315e+02
5.432320929501627234e+02
5.432362716519077139e+02
5.432403413647399475e+02
5.432443025024904273e+02
5.432481554789903839e+02
5.432519007080712754e+02
5.432555386035641050e+02
5.432590695793001032e+02
5.432624940491107282e+02
5.432658124268268693e+02
5.432690251262799848e+02
5.432721325613010777e+02
5.432751351457216060e+02
5.432780332933725731e+02
5.432808274180853232e+02
5.432835179336912006e+02
5.432861052540210949e+02
5.432885897929064640e+02
5.432909719641784250e+02
5.432932521816683220e+02
5.432954308592073858e+02
5.432975084106266195e+02
5.432994852497573675e+02
5.433013617904308603e+02
5.433031384464783287e+02
5.433048156317311168e+02
5.433063937600201143e+02
5.433078732451766655e+02
5.433092545010322283e+02
5.433105379414176923e+02
5.433117239801646292e+02
5.433128130311039286e+02
5.433138055080669346e+02
5.433147018248848781e+02
5.433155023953889895e+02
5.433162076334104995e+02
5.433168179527805250e+02
5.433173337673304104e+02
5.433177554908913862e+02
5.433180835372945694e+02
5.433183183203711906e+02
5.433184602539524803e+02
5.433185097518696693e+02
5.433184672279539882e+02
5.433183330960368949e+02
5.433181077699490515e+02
5.433177916635221436e+02
5.433173851905871743e+02
5.433168887649754879e+02
5.433163028005182014e+02
5.433156277110465453e+02
5.433148639103918640e+02
5.433140118123852744e+02
5.433130718308580072e+02
5.433120443796412928e+02
5.433109298725662484e+02
5.433097287234642181e+02
5.433084413461664326e+02
5.433070681545041225e+02
5.433056095623082911e+02
5.433040659834105099e+02
5.433024378316415550e+02
5.433007255208329980e+02
5.432989294648160694e+02
5.432970500774217726e+02
5.432950877724815655e+02
5.432930429638264513e+02
5.432909160652877745e+02
5.432887074906966518e+02
5.432864176538843139e+02
5.432840469686821052e+02
5.432815958489211425e+02
5.432790647084328839e+02
5.432764539610479915e+02
5.432737640205981506e+02
5.432709953009145920e+02
5.432681482158282051e+02
5.432652231791705617e+02
5.432622206047726650e+02
5.432591409064658592e+02
5.432559844980812613e+02
5.432527517934499883e+02
5.432494432064037255e+02
5.432460591507731351e+02
5.432426000403895614e+02
5.432390662890845761e+02
5.432354583106890686e+02
5.432317765190344971e+02
5.432280213279517511e+02
5.432241931512721749e+02
5.432202924028271127e+02
5.432163194964477952e+02
5.432122748459654531e+02
5.432081588652108621e+02
5.432039719680158214e+02
5.431997145682113342e+02
5.431953870796285173e+02
5.431909899160988289e+02
5.431865234914532721e+02
5.431819882195230775e+02
5.431773845141394759e+02
5.431727127891339251e+02
5.431679734583373147e+02
5.431631669355811027e+02
5.431582936346961787e+02
5.431533539695141144e+02
5.431483483538661403e+02
5.431432772015832597e+02
5.431381409264968170e+02
5.431329399424379289e+02
5.431276746632378263e+02
5.431223455027279670e+02
5.431169528747391269e+02
5.431114971931029913e+02
5.431059788716504499e+02
5.431003983242128470e+02
5.430947559646215268e+02
5.430890522067073789e+02
5.430832874643019750e+02
5.430774621512362046e+02
5.430715766813416394e+02
5.430656314684492827e+02
5.430596269263904787e+02
5.430535634689961171e+02
5.430474415100978831e+02
5.430412614635266664e+02
5.430350237431138112e+02
5.430287287626906618e+02
5.430223769360881079e+02
5.430159686771376073e+02
5.430095043996702771e+02
5.430029845175175751e+02
5.429964094445105047e+02
5.429897795944802965e+02
5.429830953812580674e+02
5.429763572186752754e+02
5.429695655205629237e+02
5.429627207007524703e+02
5.429558231730749185e+02
5.429488733513614989e+02
5.429418716494436694e+02
5.429348184811523197e+02
5.429277142603189077e+02
5.429205594007745503e+02
5.429133543163504783e+02
5.429060994208780357e+02
5.428987951281881124e+02
5.428914418521123935e+02
5.428840400064816549e+02
5.428765900051274684e+02
5.428690922618808372e+02
5.428615471905729919e+02
5.428539552050352768e+02
5.428463167190986951e+02
5.428386321465948186e+02
5.428309019013545367e+02
5.428231263972091938e+02
5.428153060479899068e+02
5.428074412675281337e+02
5.427995324696547641e+02
5.427915800682014833e+02
5.427835844769990672e+02
5.427755461098788601e+02
5.427674653806722063e+02
5.427593427032102227e+02
5.427511784913242536e+02
5.427429731588453024e+02
5.427347271196047132e+02
5.427264407874336030e+02
5.427181145761634298e+02
5.427097488996250831e+02
5.427013441716501347e+02
5.426929008060695878e+02
5.426844192167146730e+02
5.426758998174166209e+02
5.426673430220067758e+02
5.426587492443161409e+02
5.426501188981760606e+02
5.426414523974177655e+02
5.426327501558724862e+02
5.426240125873713396e+02
5.426152401057456700e+02
5.426064331248267081e+02
5.425975920584454570e+02
5.425887173204333749e+02
5.425798093246214648e+02
5.425708684848411849e+02
5.425618952149236520e+02
5.425528899287002105e+02
5.425438530400016361e+02
5.425347849626596144e+02
5.425256861105051485e+02
5.425165568973695827e+02
5.425073977370840339e+02
5.424982090434798465e+02
5.424889912303881374e+02
5.424797447116401372e+02
5.424704699010669628e+02
5.424611672124999586e+02
5.424518370597703552e+02
5.424424798567094967e+02
5.424330960171482729e+02
5.424236859549181418e+02
5.424142500838502201e+02
5.424047888177758523e+02
5.423953025705260416e+02
5.423857917559321322e+02
5.423762567878254686e+02
5.423666980800370538e+02
5.423571160463983460e+02
5.423475111007402347e+02
5.423378836568942916e+02
5.423282341286915198e+02
5.423185629299631501e+02
5.423088704745405266e+02
5.422991571762547665e+02
5.422894234489369865e+02
5.422796697064186446e+02
5.422698963625308579e+02
5.422601038311047432e+02
5.422502925259717586e+02
5.422404628609629071e+02
5.422306152499095333e+02
5.422207501066426403e+02
5.422108678449936860e+02
5.422009688787937876e+02
5.421910536218741754e+02
5.421811224880661939e+02
5.421711758912008463e+02
5.421612142451094769e+02
5.421512379636233163e+02
5.421412474605734815e+02
5.421312431497913167e+02
5.421212254451079389e+02
5.421111947603546923e+02
5.421011515093626940e+02
5.420910961059632882e+02
5.420810289639873645e+02
5.420709504972664945e+02
5.420608611196317952e+02
5.420507612449143835e+02
5.420406512869456037e+02
5.420305316595568002e+02
5.420204027765788624e+02
5.420102650518432483e+02
5.420001188991809613e+02
5.419899647324234593e+02
5.419798029654018592e+02
5.419696340119473916e+02
5.419594582858912872e+02
5.419492762010646629e+02
5.419390881712989767e+02
5.419288946104251181e+02
5.419186959322745452e+02
5.419084925506784884e+02
5.418982848794680649e+02
5.418880733324745052e+02
5.418778583235290398e+02
5.418676402664630132e+02
5.418574195751074285e+02
5.418471966632936301e+02
5.418369719448527349e+02
5.418267458336160871e+02
5.418165187434148038e+02
5.418062910880803429e+02
5.417960632814435940e+02
5.417858357373359013e+02
5.417756088695886092e+02
5.417653830920328346e+02
5.417551588184996945e+02
5.417449364628205331e+02
5.417347164388265810e+02
5.417244991603490689e+02
5.417142850412192274e+02
5.417040744952680598e+02
5.416938679363269102e+02
5.416836657782272368e+02
5.416734684347999291e+02
5.416632763198763314e+02
5.416530898472876743e+02
5.416429094308651884e+02
5.416327354844399906e+02
5.416225684218436527e+02
5.416124086569068368e+02
5.416022566034612282e+02
5.415921126753378303e+02
5.415819772863677599e+02
5.415718508503825888e+02
5.415617337812132064e+02
5.415516264926909571e+02
5.415415293986470715e+02
5.415314429129126665e+02
5.415213674493192002e+02
5.415113034216976757e+02
5.415012512438793237e+02
5.414912113296954885e+02
5.414811840929774007e+02
5.414711699475559499e+02
5.414611693072627077e+02
5.414511825859290184e+02
5.414412101973855442e+02
5.414312525554639706e+02
5.414213100739954143e+02
5.414113831668109924e+02
5.414014722477420491e+02
5.413915777306197015e+02
5.413817000292751800e+02
5.413718395575398290e+02
5.413619967292447654e+02
5.413521719582211063e+02
5.413423656583001957e+02
5.413325782433134918e+02
5.413228101270916568e+02
5.413130617234663760e+02
5.413033334462686526e+02
5.412936257093298309e+02
5.412839389264809142e+02
5.412742735115534742e+02
5.412646298783784005e+02
5.412550084407870372e+02
5.412454096126106151e+02
5.412358338076803648e+02
5.412262814398275168e+02
5.412167529228833018e+02
5.412072486706787231e+02
5.411977690970453523e+02
5.411883146158141926e+02
5.411788856408164747e+02
5.411694825858834292e+02
5.411601058648462867e+02
5.411507558915362779e+02
5.411414330797847470e+02
5.411321378434225835e+02
5.411228705962812455e+02
5.411136317521919636e+02
5.411044217249859685e+02
5.410952409284942632e+02
5.410860897765483060e+02
5.410769686829792136e+02
5.410678780616183303e+02
5.410588183262966595e+02
5.410497898908455454e+02
5.410407931690962187e+02
5.410318285748797962e+02
5.410228965220277360e+02
5.410139974243709275e+02
5.410051316957408289e+02
5.409962997499685571e+02
5.409875020008854563e+02
5.409787388623226434e+02
5.409700107481112354e+02
5.409613180720826904e+02
5.409526612480680114e+02
5.409440406898985430e+02
5.409354568114054018e+02
5.409269100264199324e+02
5.409184007487733652e+02
5.409099293922968172e+02
5.409014963708214054e+02
5.408931020981787015e+02
5.408847469881995949e+02
5.408764314547154299e+02
5.408681559115574373e+02
5.408599207725567339e+02
5.408517264515447778e+02
5.408435733623524584e+02
5.408354619188113475e+02
5.408273925347523345e+02
5.408193656240068776e+02
5.408113816004060936e+02
5.408034408777812132e+02
5.407955438699634669e+02
5.407876909907840854e+02
5.407798826540742994e+02
5.407721192736651119e+02
5.407644012633879811e+02
5.407567290370742512e+02
5.407491030085548118e+02
5.407415235916611209e+02
5.407339912002242954e+02
5.407265062480755660e+02
5.407190691490461631e+02
5.407116803169672039e+02
5.407043401656701462e+02
5.406970491089859934e+02
5.406898075607460896e+02
5.406826159347815519e+02
5.406754746449237246e+02
5.406683841050037245e+02
5.406613447288527823e+02
5.406543569303021286e+02
5.406474211231831077e+02
5.406405377213267229e+02
5.406337071385643185e+02
5.406269297887270113e+02
5.406202060856462595e+02
5.406135364431529524e+02
5.406069212750786619e+02
5.406003609952542774e+02
5.405938560175112571e+02
5.405874067556806040e+02
5.405810136235938899e+02
5.405746770350818906e+02
5.405683974039761779e+02
5.405621751441077549e+02
5.405560106693079661e+02
5.405499043934079282e+02
5.405438567302389856e+02
5.405378680936322553e+02
5.405319388974190815e+02
5.405260695554305812e+02
5.405202604814978713e+02
5.405145120894524098e+02
5.405088247931251999e+02
5.405031990063475860e+02
5.404976351429507986e+02
5.404921336167659547e+02
5.404866948416243986e+02
5.404813192313572472e+02
5.404760071997957311e+02
5.404707591607711947e+02
5.404655755281146412e+02
5.404604567156575285e+02
5.404554031372308600e+02
5.404504152066660936e+02
5.404454933377942325e+02
5.404406379444465074e+02
5.404358494404542625e+02
5.404311282396486149e+02
5.404264747558607951e+02
5.404218894029221474e+02
5.404173725946637887e+02
5.404129247449169497e+02
5.404085462675127474e+02
5.404042375762826396e+02
5.403999990850575159e+02
5.403958312076690618e+02
5.403917343579480530e+02
5.403877089497258339e+02
5.403837553968337488e+02
5.403798741131029146e+02
5.403760655123646757e+02
5.403723300084500352e+02
5.403686680151903374e+02
5.403650799464168131e+02
5.403615662159606927e+02
5.403581272376530933e+02
5.403547634253253591e+02
5.403514751928086071e+02
5.403482629539341815e+02
5.403451271225330856e+02
5.403420681124368912e+02
5.403390863374764876e+02
5.403361822114832194e+02
5.403333561482882033e+02
5.403306085617228973e+02
5.403279398656183048e+02
5.403253504738057700e+02
5.403228408001164098e+02
5.403204112583814549e+02
5.403180622624322496e+02
5.403157942260999107e+02
5.403136075632156690e+02
5.403115026876107549e+02
5.403094800131163993e+02
5.403075399535638326e+02
5.403056829227841718e+02
5.403039093346087611e+02
5.403022196028687176e+02
5.403006141413952719e+02
5.402990933640198818e+02
5.402976576845733234e+02
5.402963075168872820e+02
5.402950432747926470e+02
5.402938653721207629e+02
5.402927742227027466e+02
5.402917702403700559e+02
5.402908538389536943e+02
5.402900254322850060e+02
5.402892854341951079e+02
5.402886342585152306e+02
5.402880723190767185e+02
5.402876000297105747e+02
5.402872178042482574e+02
5.402869260565207696e+02
5.402867252003595695e+02
5.402866156495956602e+02
5.402865978180602724e+02
5.402866721195848640e+02
5.402868389680003247e+02
5.402870987771379987e+02
5.402874519608293440e+02
5.402878989329053638e+02
5.402884401071971752e+02
5.402890758975361223e+02
5.402898067177534358e+02
5.402906329816802327e+02
5.402915551031478572e+02
5.402925734959876536e+02
5.402936885740305115e+02
5.402949007511078889e+02
5.402962104410507891e+02
5.402976180576906700e+02
5.402991240148587622e+02
5.403007287263860690e+02
5.403024326061039346e+02
5.403042360678434761e+02
5.403061395254361514e+02
5.403081433927129638e+02
5.403102480835052575e+02
5.403124540116440357e+02
5.403147615909607566e+02
5.403171712352866507e+02
5.403196833584527212e+02
5.403222983742903125e+02
5.403250166966306551e+02
5.403278387393049798e+02
5.403307649161445170e+02
5.403337956409803837e+02
5.403369313276439243e+02
5.403401723899662557e+02
5.403435192417787221e+02
5.403469722969124405e+02
5.403505319691985278e+02
5.403541986724684421e+02
5.403579728205533002e+02
5.403618548272842190e+02
5.403658451064925430e+02
5.403699440720095026e+02
5.403741521376662149e+02
5.403784697172939104e+02
5.403828972247240472e+02
5.403874350737875147e+02
5.403920836783156574e+02
5.403968434521397057e+02
5.404017148090908904e+02
5.404066981630005557e+02
5.404117939276995912e+02
5.404170025170195686e+02
5.404223243447914911e+02
5.404277598248465893e+02
5.404333093710162075e+02
5.404389733971313490e+02
5.404447523170235854e+02
5.404506465445238064e+02
5.404566564934633561e+02
5.404627825776734653e+02
5.404690252109853645e+02
5.404753848072302844e+02
5.404818617802393419e+02
5.404884565438437676e+02
5.404951695118749058e+02
5.405020010981638734e+02
5.405089517165420148e+02
5.405160217808402194e+02
5.405232117048901728e+02
5.405305219025227643e+02
5.405379527875693384e+02
5.405455047738610119e+02
5.405531782752292429e+02
5.405609737055049209e+02
5.405688914785196175e+02
5.405769320081042224e+02
5.405850957080901935e+02
5.405933829923085341e+02
5.406017942745905884e+02
5.406103299687677008e+02
5.406189904886708746e+02
5.406277762481314539e+02
5.406366876609806695e+02
5.406457251410495246e+02
5.406548891021695908e+02
5.406641799581718715e+02
5.406735981228875971e+02
5.406831440101479984e+02
5.406928180337843060e+02
5.407026206076278640e+02
5.407125521455096759e+02
5.407226130612610859e+02
5.407328037687132110e+02
5.407431246816973953e+02
5.407535762140447559e+02
5.407641587795865235e+02
5.407748727921540421e+02
5.407857186655785426e+02
5.407966968136909145e+02
5.408078076503227294e+02
5.408190515893051042e+02
5.408304290444692697e+02
5.408419404296463426e+02
5.408535861586676674e+02
5.408653666453643609e+02
5.408772823035677675e+02
5.408893335471088903e+02
5.409015207898193012e+02
5.409138444455298895e+02
5.409263049280719997e+02
5.409389026512768623e+02
5.409516380289755944e+02
5.409645114749996537e+02
5.409775234031799300e+02
5.409906742273479949e+02
5.410039643613348517e+02
5.410173942189717309e+02
5.410309642140898632e+02
5.410446747605204791e+02
5.410585262720949231e+02
5.410725191626441983e+02
5.410866538459996491e+02
5.411009307359925060e+02
5.411153502464538860e+02
5.411299127912151334e+02
5.411446187841074789e+02
5.411594686389619255e+02
5.411744627696099315e+02
5.411896015898826136e+02
5.412048855136112024e+02
5.412203149546269287e+02
5.412358903267609094e+02
5.412516120438444887e+02
5.412674805197088972e+02
5.412834961681853656e+02
5.412996594031050108e+02
5.413159706382990635e+02
5.413324302875988678e+02
5.413490387648354272e+02
5.413657964838401995e+02
5.413827038584443017e+02
5.413997613024788507e+02
5.414169692297751908e+02
5.414343280541645527e+02
5.414518381894780532e+02
5.414695000495470367e+02
5.414873140482027338e+02
5.415052805992761478e+02
5.415234001165986228e+02
5.415416730140013897e+02
5.415600997053157926e+02
5.415786806043728348e+02
5.415974161250038605e+02
5.416163066810402142e+02
5.416353526863127854e+02
5.416545545546530320e+02
5.416739126998921847e+02
5.416934275358612467e+02
5.417130994763916760e+02
5.417329289353144759e+02
5.417529163264611043e+02
5.417730620636626782e+02
5.417933665607505418e+02
5.418138302315555848e+02
5.418344534899091514e+02
5.418552367496426996e+02
5.418761804245871190e+02
5.418972849285738675e+02
5.419185506754341759e+02
5.419399780789991610e+02
5.419615675530999397e+02
5.419833195115678564e+02
5.420052343682341416e+02
5.420273125369300260e+02
5.420495544314867402e+02
5.420719604657354012e+02
5.420945310535072394e+02
5.421172666086335994e+02
5.421401675449455979e+02
5.421632342762744656e+02
5.421864672164514332e+02
5.422098667793077311e+02
5.422334333786745901e+02
5.422571674283832408e+02
5.422810693422648001e+02
5.423051395341506122e+02
5.423293784178719079e+02
5.423537864072596903e+02
5.423783639161454175e+02
5.424031113583602064e+02
5.424280291477352876e+02
5.424531176981018916e+02
5.424783774232913629e+02
5.425038087371344773e+02
5.425294120534631475e+02
5.425551877861079220e+02
5.425811363489003725e+02
5.426072581556717296e+02
5.426335536202532239e+02
5.426600231564758587e+02
5.426866671781709783e+02
5.427134860991698133e+02
5.427404803333035943e+02
5.427676502944035519e+02
5.427949963963009168e+02
5.428225190528268058e+02
5.428502186778125633e+02
5.428780956850893062e+02
5.429061504884883789e+02
5.429343835018408981e+02
5.429627951389779810e+02
5.429913858137310854e+02
5.430201559399313282e+02
5.430491059314098266e+02
5.430782362019979246e+02
5.431075471655268530e+02
5.431370392358277286e+02
5.431667128267318958e+02
5.431965683520704715e+02
5.432266062256748000e+02
5.432568268613758846e+02
5.432872306730050695e+02
5.433178180743936991e+02
5.433485894793727766e+02
5.433795453017736463e+02
5.434106859554274251e+02
5.434420118541656848e+02
5.434735234118190874e+02
5.435052210422193184e+02
5.435371051591972673e+02
5.435691761765842784e+02
5.436014345082115824e+02
5.436338805679104098e+02
5.436665147695121050e+02
5.436993375268475575e+02
5.437323492537484526e+02
5.437655503640455663e+02
5.437989412715702429e+02
5.438325223901538266e+02
5.438662941336274343e+02
5.439002569158224105e+02
5.439344111505697583e+02
5.439687572517009357e+02
5.440032956330469460e+02
5.440380267084392472e+02
5.440729508917088424e+02
5.441080685966869623e+02
5.441433802372048376e+02
5.441788862270939262e+02
5.442145869801852314e+02
5.442504829103099837e+02
5.442865744312994138e+02
5.443228619569845250e+02
5.443593459011970026e+02
5.443960266777678498e+02
5.444329047005280700e+02
5.444699803833093483e+02
5.445072541399425745e+02
5.445447263842589791e+02
5.445823975300897928e+02
5.446202679912662461e+02
5.446583381816196834e+02
5.446966085149811079e+02
5.447350794051819776e+02
5.447737512660532957e+02
5.448126245114262929e+02
5.448516995551324271e+02
5.448909768110027017e+02
5.449304566928685745e+02
5.449701396145608214e+02
5.450100259899111279e+02
5.450501162327504971e+02
5.450904107569100461e+02
5.451309099762211190e+02
5.451716143045149465e+02
5.452125241556227593e+02
5.452536399433756742e+02
5.452949620816050356e+02
5.453364909841420740e+02
5.453782270648180202e+02
5.454201707374637635e+02
5.454623224159108759e+02
5.455046825139907014e+02
5.455472514455339024e+02
5.455900296243723915e+02
5.456330174643368309e+02
5.456762153792585650e+02
5.457196237829689380e+02
5.457632430892992943e+02
5.458070737120805234e+02
5.458511160651439695e+02
5.458953705623209771e+02
5.459398376174426630e+02
5.459845176443402579e+02
5.460294110568449923e+02
5.460745182687880970e+02
5.461198396940005750e+02
5.461653757463139982e+02
5.462111268395594834e+02
5.462570933875681476e+02
5.463032758041712214e+02
5.463496745031999353e+02
5.463962898984855201e+02
5.464431224038592063e+02
5.464901724331523383e+02
5.465374404001961466e+02
5.465849267188212934e+02
5.466326318028596916e+02
5.466805560661421168e+02
5.467286999225002546e+02
5.467770637857647671e+02
5.468256480697673396e+02
5.468744531883387481e+02
5.469234795553106778e+02
5.469727275845142458e+02
5.470221976897802278e+02
5.470718902849400820e+02
5.471218057838254936e+02
