7.407221191147068566e+02
7.357063960116477119e+02
7.307506822974869465e+02
7.258546714580692196e+02
7.210180569792398728e+02
7.162405323468436791e+02
7.115217910467259799e+02
7.068615265647316619e+02
7.022594323867058392e+02
6.977152019984933986e+02
6.932285288859394541e+02
6.887991065348890061e+02
6.844266284311872823e+02
6.801107880606790559e+02
6.758512789092097819e+02
6.716477944626237786e+02
6.675000282067667285e+02
6.634076736274832911e+02
6.593704242106189213e+02
6.553879734420181649e+02
6.514600148075265906e+02
6.475862417929886306e+02
6.437663478842497398e+02
6.400000265671549187e+02
6.362869713275490540e+02
6.326268756512773734e+02
6.290194330241847638e+02
6.254643369321162254e+02
6.219612808609169861e+02
6.185099582964319325e+02
6.151100627245060650e+02
6.117612876309846115e+02
6.084633265017126860e+02
6.052158728225348341e+02
6.020186200792965110e+02
5.988712617578428308e+02
5.957734913440183391e+02
5.927250023236687184e+02
5.897254881826384008e+02
5.867746424067729549e+02
5.838721584819171539e+02
5.810177298939157708e+02
5.782110501286142608e+02
5.754518126718576241e+02
5.727397110094906338e+02
5.700744386273587452e+02
5.674556890113065037e+02
5.648831556471793647e+02
5.623565320208219873e+02
5.598755116180797131e+02
5.574397879247975425e+02
5.550490544268203621e+02
5.527030046099933998e+02
5.504013319601614285e+02
5.481437299631696760e+02
5.459298921048633702e+02
5.437595118710872839e+02
5.416322827476864177e+02
5.395478982205057719e+02
5.375060517753906879e+02
5.355064368981860525e+02
5.335487470747368661e+02
5.316326757908881291e+02
5.297579165324849555e+02
5.279241627853723458e+02
5.261311080353953002e+02
5.243784457683991604e+02
5.226658694702284720e+02
5.209930726267285763e+02
5.193597487237444739e+02
5.177655912471211650e+02
5.162102936827037638e+02
5.146935495163371570e+02
5.132150522338664587e+02
5.117744953211369534e+02
5.103715722639932437e+02
5.090059765482806142e+02
5.076774016598441222e+02
5.063855410845286542e+02
5.051300883081793813e+02
5.039107368166413607e+02
5.027271800957595360e+02
5.015791116313789644e+02
5.004662249093447031e+02
4.993882134155018662e+02
4.983447706356952267e+02
4.973355900557702398e+02
4.963603651615716217e+02
4.954187894389445432e+02
4.945105563737339480e+02
4.936353594517849501e+02
4.927928921589425499e+02
4.919828479810518616e+02
4.912049204039579422e+02
4.904588029135055649e+02
4.897441889955400143e+02
4.890607721359064044e+02
4.884082458204495083e+02
4.877863035350145537e+02
4.871946387654465411e+02
4.866329449975904708e+02
4.861009157172913433e+02
4.855982444103943863e+02
4.851246245627444296e+02
4.846797496601866442e+02
4.842633131885659736e+02
4.838750086337275320e+02
4.835145294815163197e+02
4.831815692177772803e+02
4.828758213283556984e+02
4.825969792990963469e+02
4.823447366158443970e+02
4.821187867644449625e+02
4.819188232307429871e+02
4.817445395005834143e+02
4.815956290598114720e+02
4.814717853942719898e+02
4.813727019898101958e+02
4.812980723322711469e+02
4.812475899074996732e+02
4.812209482013411161e+02
4.812178406996401918e+02
4.812379608882420712e+02
4.812810022529918683e+02
4.813466582797344699e+02
4.814346224543149901e+02
4.815445882625785998e+02
4.816762491903700720e+02
4.818292987235346345e+02
4.820034303479174014e+02
4.821983375493630319e+02
4.824137138137169813e+02
4.826492526268242500e+02
4.829046474745294404e+02
4.831795918426781213e+02
4.834737792171151227e+02
4.837869030836853881e+02
4.841186569282340884e+02
4.844687342366062808e+02
4.848368284946467952e+02
4.852226331882009163e+02
4.856258418031135307e+02
4.860461478252296956e+02
4.864832447403945253e+02
4.869368260344530199e+02
4.874065851932501232e+02
4.878922157026311766e+02
4.883934110484407256e+02
4.889098647165241687e+02
4.894412701927266198e+02
4.899873209628928521e+02
4.905477105128679796e+02
4.911221323284971163e+02
4.917102798956252059e+02
4.923118467000973624e+02
4.929265262277587567e+02
4.935540119644540482e+02
4.941939973960285215e+02
4.948461760083272907e+02
4.955102412871952993e+02
4.961858867184774340e+02
4.968728057880190931e+02
4.975706919816648792e+02
4.982792387852602474e+02
4.989981396846499706e+02
4.997270881656791630e+02
5.004657777141927681e+02
5.012139018160360138e+02
5.019711539570537866e+02
5.027372276230911439e+02
5.035118162999932565e+02
5.042946134736049544e+02
5.050853126297715221e+02
5.058836072543377895e+02
5.066891908331489276e+02
5.075017568520497662e+02
5.083209987968856467e+02
5.091466101535013422e+02
5.099782844077420805e+02
5.108157150454528619e+02
5.116585955524785732e+02
5.125066194146643284e+02
5.133594801178553553e+02
5.142168711478964269e+02
5.150784859906327711e+02
5.159440181319093881e+02
5.168131610575711647e+02
5.176856082534632151e+02
5.185610532054307669e+02
5.194391893993185931e+02
5.203197103209719216e+02
5.212023094562357528e+02
5.220866802909549733e+02
5.229725163109746973e+02
5.238595110021402661e+02
5.247473578502961118e+02
5.256357503412878032e+02
5.265243819609602269e+02
5.274129461951581561e+02
5.283011365297271595e+02
5.291886464505118965e+02
5.300751694433572538e+02
5.309603989941086866e+02
5.318440285886110814e+02
5.327257517127093251e+02
5.336052618522486455e+02
5.344822524930740428e+02
5.353564171210304039e+02
5.362274492219628428e+02
5.370950422817167009e+02
5.379588897861366377e+02
5.388186852210676534e+02
5.396741220723550896e+02
5.405248938258438329e+02
5.413706939673787701e+02
5.422112159828053564e+02
5.430461533579682509e+02
5.438751995787124542e+02
5.446980481308834214e+02
5.455143925003258119e+02
5.463239261728847396e+02
5.471263426344054324e+02
5.479213353707326633e+02
5.487085978677114326e+02
5.494878236111871956e+02
5.502587060870046116e+02
5.510209387810089083e+02
5.517742151790449725e+02
5.525182287669580319e+02
5.532526730305928595e+02
5.539772414557947968e+02
5.546916275284086169e+02
5.553955247342795474e+02
5.560886265592525888e+02
5.567706264891727415e+02
5.574412180098850058e+02
5.581000946072346096e+02
5.587469497670662122e+02
5.593814769752251550e+02
5.600033697175565521e+02
5.606123214799051766e+02
5.612080257481161425e+02
5.617901760080346776e+02
5.623584657455055549e+02
5.629125884463738885e+02
5.634522375964850198e+02
5.639771066816834946e+02
5.644868891878146542e+02
5.649812786007234990e+02
5.654599684062550295e+02
5.659226520902542461e+02
5.663690231385663765e+02
5.667987750370361937e+02
5.672116012715086981e+02
5.676071953278293449e+02
5.679852506918430208e+02
5.683454608493943851e+02
5.686875192863288930e+02
5.690111194884914312e+02
5.693159549417268863e+02
5.696017191318805999e+02
5.698681055447975723e+02
5.701148076663225766e+02
5.703415189823008404e+02
5.705479329785774780e+02
5.707337431409972623e+02
5.708986429554056485e+02
5.710423259076471822e+02
5.711644854835670913e+02
5.712648151690108307e+02
5.713430205628187650e+02
5.713990542357111053e+02
5.714330993414016575e+02
5.714453478639790092e+02
5.714359917875310657e+02
5.714052230961465284e+02
5.713532337739134164e+02
5.712802158049203172e+02
5.711863611732550225e+02
5.710718618630065748e+02
5.709369098582627657e+02
5.707816971431119555e+02
5.706064157016425042e+02
5.704112575179427722e+02
5.701964145761010059e+02
5.699620788602055654e+02
5.697084423543448111e+02
5.694356970426067619e+02
5.691440349090801192e+02
5.688336479378530157e+02
5.685047281130134706e+02
5.681574674186502989e+02
5.677920578388516333e+02
5.674086913577057203e+02
5.670075599593005791e+02
5.665888556277250245e+02
5.661527703470670758e+02
5.656994961014150931e+02
5.652292248748575503e+02
5.647421486514823528e+02
5.642384594153783155e+02
5.637183491506333439e+02
5.631820098413359119e+02
5.626296334715741523e+02
5.620614120254368800e+02
5.614775374870117730e+02
5.608782018403873053e+02
5.602635970696522918e+02
5.596339151588942968e+02
5.589893480922021354e+02
5.583300878536638265e+02
5.576563264273677305e+02
5.569682557974024348e+02
5.562660679478560724e+02
5.555499548628167759e+02
5.548201085263729055e+02
5.540767209226130490e+02
5.533199840356251116e+02
5.525500898494975672e+02
5.517672303483190035e+02
5.509715975161773258e+02
5.501633833371610081e+02
5.493427797953584104e+02
5.485099788748576657e+02
5.476651725597473614e+02
5.468085528341154031e+02
5.459403116820504920e+02
5.450606410876407608e+02
5.441697330349746835e+02
5.432677795081400518e+02
5.423549724912256806e+02
5.414315039683199302e+02
5.404975659235107059e+02
5.395533503408864817e+02
5.385990492045357314e+02
5.376348544985465878e+02
5.366609582070071838e+02
5.356775523140064479e+02
5.346848288036320582e+02
5.336829796599723750e+02
5.326721968671162131e+02
5.316526724091513643e+02
5.306245982701661887e+02
5.295881664342493877e+02
5.285435688854888667e+02
5.274909976079729859e+02
5.264306445857902190e+02
5.253627018030288127e+02
5.242873612437768998e+02
5.232048148921230677e+02
5.221152547321554493e+02
5.210188727479622912e+02
5.199158609236321809e+02
5.188064112432531374e+02
5.176907156909136347e+02
5.165689662507018056e+02
5.154413549067062377e+02
5.143080736430148363e+02
5.131693144437164165e+02
5.120252692928988836e+02
5.108761301746505978e+02
5.097220890730600331e+02
5.085633379722155496e+02
5.074000688562050527e+02
5.062324737091171301e+02
5.050607445150402555e+02
5.038850732580624481e+02
5.027056519222719544e+02
5.015226724917574757e+02
5.003363269506070310e+02
4.991468072829088101e+02
4.979543054727514004e+02
4.967590135042231054e+02
4.955611233614120010e+02
4.943608270284065611e+02
4.931583164892950322e+02
4.919537837281657175e+02
4.907474207291069206e+02
4.895394309205755121e+02
4.883301218355763922e+02
4.871198565773640325e+02
4.859089987705291946e+02
4.846979120396625831e+02
4.834869600093548456e+02
4.822765063041965163e+02
4.810669145487784135e+02
4.798585483676911281e+02
4.786517713855250236e+02
4.774469472268712025e+02
4.762444395163200284e+02
4.750446118784620921e+02
4.738478279378882689e+02
4.726544513191890360e+02
4.714648456469550979e+02
4.702793745457771593e+02
4.690984016402457542e+02
4.679222905549514735e+02
4.667514049144851924e+02
4.655861083434374450e+02
4.644267644663987653e+02
4.632737369079599716e+02
4.621273892927115980e+02
4.609880852452443492e+02
4.598561883901487590e+02
4.587320623520157028e+02
4.576160707554356009e+02
4.565085772249992146e+02
4.554099453852971351e+02
4.543205388609200668e+02
4.532407212764585438e+02
4.521708562565033276e+02
4.511113074256450091e+02
4.500624384084742360e+02
4.490246128295817698e+02
4.479981943135579741e+02
4.469835464849937807e+02
4.459810329684797807e+02
4.449910173886065081e+02
4.440138633699647244e+02
4.430499345371449067e+02
4.420995945147379302e+02
4.411632069273342154e+02
4.402411353995245804e+02
4.393337435558995594e+02
4.384413950210499706e+02
4.375644534195662345e+02
4.367032823760392262e+02
4.358582455150592523e+02
4.350297064612172449e+02
4.342180288391039085e+02
4.334235762733096067e+02
4.326467123884252146e+02
4.318878008090413232e+02
4.311472051597484096e+02
4.304252890651373491e+02
4.297224161497987325e+02
4.290389500383231507e+02
4.283752543553011947e+02
4.277316927253236827e+02
4.271086287729810920e+02
4.265064261228641840e+02
4.259254483995636065e+02
4.253660592276700072e+02
4.248286222317737497e+02
4.243135010364659365e+02
4.238210592663369880e+02
4.233516605459773814e+02
4.229056684999781055e+02
4.224834467529295807e+02
4.220853589294224548e+02
4.217117686540475461e+02
4.213630395513953317e+02
4.210395352460564027e+02
4.207416193626216341e+02
4.204696555256815031e+02
4.202240073598267145e+02
4.200050384896479159e+02
4.198131125397356413e+02
4.196485931346807092e+02
4.195118438990737673e+02
4.194032284575052927e+02
4.193231104345659901e+02
4.192718534548465641e+02
4.192498211429376624e+02
4.192573771234298192e+02
4.192948850209138527e+02
4.193627084599802970e+02
4.194612110652197430e+02
4.195907564612230658e+02
4.197517082725805722e+02
4.199444301238831372e+02
4.201692856397214655e+02
4.204266384446860911e+02
4.207168521633675482e+02
4.210402904203567118e+02
4.213973168402440024e+02
4.217882950476202950e+02
4.222135886670761238e+02
4.226735613232020796e+02
4.231685766405888671e+02
4.236989982438271909e+02
4.242651897575076418e+02
4.248675148062207541e+02
4.255063370145574027e+02
4.261820200071079512e+02
4.268949274084633316e+02
4.276452741088307334e+02
4.284325781247854366e+02
4.292561535496983538e+02
4.301153144514368023e+02
4.310093748978687245e+02
4.319376489568615511e+02
4.328994506962829405e+02
4.338940941840004371e+02
4.349208934878818695e+02
4.359791626757944982e+02
4.370682158156062087e+02
4.381873669751845455e+02
4.393359302223971099e+02
4.405132196251114465e+02
4.417185492511953839e+02
4.429512331685162394e+02
4.442105854449418416e+02
4.454959201483396214e+02
4.468065513465773506e+02
4.481417931075226306e+02
4.495009594990431196e+02
4.508833645890062485e+02
4.522883224452796185e+02
4.537151471357311721e+02
4.551631527282281695e+02
4.566316532906383827e+02
4.581199628908293562e+02
4.596273955966688618e+02
4.611532654760242735e+02
4.626968865967633633e+02
4.642575730267537892e+02
4.658346388338629822e+02
4.674273980859585436e+02
4.690351648509084725e+02
4.706572531965799158e+02
4.722929771908405883e+02
4.739416509015584325e+02
4.756025883966006518e+02
4.772751037438351887e+02
4.789585110111292465e+02
4.806521242663508247e+02
4.823552575773674107e+02
4.840672250120464355e+02
4.857873406382558414e+02
4.875149185238630594e+02
4.892492727367355769e+02
4.909897173447413365e+02
4.927355664157477690e+02
4.944861340176223052e+02
4.962407342182328307e+02
4.979986810854467194e+02
4.997592886871318569e+02
5.015218710911556741e+02
5.032857423653858859e+02
5.050502165776900370e+02
5.068146077959357285e+02
5.085782300879906188e+02
5.103403975217222523e+02
5.121004241649983442e+02
5.138576240856864388e+02
5.156113113516540807e+02
5.173608000307690418e+02
5.191054041908987529e+02
5.208444378999110995e+02
5.225772152256733989e+02
5.243030502360534229e+02
5.260212569989188296e+02
5.277311495821370499e+02
5.294320420535757421e+02
5.311232484811027916e+02
5.328040829325854020e+02
5.344738594758913450e+02
5.361318921788883927e+02
5.377774951094440894e+02
5.394099823354258660e+02
5.410286679247013808e+02
5.426328659451384056e+02
5.442218904646044848e+02
5.457950555509672768e+02
5.473516752720943259e+02
5.488910636958530631e+02
5.504125348901114876e+02
5.519154029227369165e+02
5.533989818615971217e+02
5.548625857745596477e+02
5.563055287294920390e+02
5.577271247942620676e+02
5.591266880367372778e+02
5.605035325247851006e+02
5.618569723262735351e+02
5.631863215090698986e+02
5.644908941410418493e+02
5.657700042900570452e+02
5.670229660239830309e+02
5.682490934106874647e+02
5.694477005180380047e+02
5.706181014139021954e+02
5.717596101661476951e+02
5.728715408426421618e+02
5.739532075112530265e+02
5.750039242398481747e+02
5.760230050962949235e+02
5.770097641484610449e+02
5.779635154642141970e+02
5.788835731114218106e+02
5.797692511579516577e+02
5.806198636716713963e+02
5.814347254736832156e+02
5.822134454255864284e+02
5.829563714237827980e+02
5.836639656331625474e+02
5.843366902186162406e+02
5.849750073450348964e+02
5.855793791773086241e+02
5.861502678803282151e+02
5.866881356189842336e+02
5.871934445581672435e+02
5.876666568627676952e+02
5.881082346976762665e+02
5.885186402277837487e+02
5.888983356179804787e+02
5.892477830331569066e+02
5.895674446382041651e+02
5.898577825980123635e+02
5.901192590774720657e+02
5.903523362414739495e+02
5.905574762549086927e+02
5.907351412826668593e+02
5.908857934896391271e+02
5.910098950407156053e+02
5.911079081007874265e+02
5.911802948347449274e+02
5.912275174074786719e+02
5.912500379838793378e+02
5.912483187288372619e+02
5.912228218072432355e+02
5.911740093839880501e+02
5.911023436239619286e+02
5.910082866920554352e+02
5.908923007531594749e+02
5.907548479721643844e+02
5.905963905139607277e+02
5.904173905434392964e+02
5.902183102254904270e+02
5.899996117250050247e+02
5.897617572068730851e+02
5.895052088359857407e+02
5.892304287772334419e+02
5.889378791955066390e+02
5.886280222556961235e+02
5.883013201226922320e+02
5.879582349613857559e+02
5.875992289366669183e+02
5.872247642134268517e+02
5.868353029565557790e+02
5.864313073309442643e+02
5.860132395014829854e+02
5.855815616330625062e+02
5.851367358905735045e+02
5.846792244389064308e+02
5.842094894429519627e+02
5.837279930676004369e+02
5.832351974777427586e+02
5.827315648382692643e+02
5.822175573140707456e+02
5.816936370700375392e+02
5.811602662710605500e+02
5.806179070820302286e+02
5.800670216678369115e+02
5.795080721933715040e+02
5.789415208235243426e+02
5.783678297231859915e+02
5.777874610572473557e+02
5.772008769905987720e+02
5.766085396881308043e+02
5.760109113147341304e+02
5.754084540352993145e+02
5.748016300147169204e+02
5.741909014178776260e+02
5.735767304096718817e+02
5.729595791549901378e+02
5.723399098187231857e+02
5.717181845657617032e+02
5.710948655609960269e+02
5.704704149693169484e+02
5.698452949556149179e+02
5.692199676847803858e+02
5.685948953217042572e+02
5.679705400312769825e+02
5.673473639783888984e+02
5.667258293279307964e+02
5.661063982447933540e+02
5.654895328938669081e+02
5.648756954400422501e+02
5.642653480482099440e+02
5.636589528832605538e+02
5.630569721100846436e+02
5.624598678935726639e+02
5.618681023986152923e+02
5.612821377901032065e+02
5.607024362329267433e+02
5.601294598919768077e+02
5.595636709321437365e+02
5.590055315183182074e+02
5.584555038153908981e+02
5.579140499882522590e+02
5.573816322017926268e+02
5.568587126209029066e+02
5.563457534104738897e+02
5.558432167353957993e+02
5.553515647605593131e+02
5.548712596508548813e+02
5.544027635711731818e+02
5.539465386864048924e+02
5.535030471614405769e+02
5.530727459988278270e+02
5.526558483218053652e+02
5.522522229118005725e+02
5.518617125428685313e+02
5.514841599890654606e+02
5.511194080244470115e+02
5.507672994230687209e+02
5.504276769589863534e+02
5.501003834062557871e+02
5.497852615389324455e+02
5.494821541310722068e+02
5.491909039567307218e+02
5.489113537899639823e+02
5.486433464048272981e+02
5.483867245753764337e+02
5.481413310756672672e+02
5.479070086797553358e+02
5.476836001616964040e+02
5.474709482955463500e+02
5.472688958553605971e+02
5.470772856151951373e+02
5.468959603491055077e+02
5.467247628311474728e+02
5.465635358353766833e+02
5.464121221358489038e+02
5.462703645066198987e+02
5.461381057217453190e+02
5.460151885552808153e+02
5.459014557812819248e+02
5.457967501738047531e+02
5.457009145069047236e+02
5.456137915546378281e+02
5.455352240910594901e+02
5.454650548902253604e+02
5.454031267261915445e+02
5.453492823730133523e+02
5.453033646047466618e+02
5.452652161954472376e+02
5.452346799191707305e+02
5.452115985499729049e+02
5.451958148619092981e+02
5.451871716290357881e+02
5.451855116254077984e+02
5.451906776250814346e+02
5.452025124021121201e+02
5.452208587305557330e+02
5.452455593844680379e+02
5.452764571379045719e+02
5.453133947649208721e+02
5.453562150395730441e+02
5.454047607359165113e+02
5.454588746280073792e+02
5.455183994899007303e+02
5.455831780956526700e+02
5.456530532193190766e+02
5.457278676349552597e+02
5.458074641166172114e+02
5.458916854383604687e+02
5.459803743742405686e+02
5.460733736983137305e+02
5.461705261846353778e+02
5.462716746072611613e+02
5.463766617402466181e+02
5.464853303576479675e+02
5.465975232335205192e+02
5.467130831419200376e+02
5.468318528569025148e+02
5.469536751525231466e+02
5.470783928028380387e+02
5.472058485819029556e+02
5.473358852637733207e+02
5.474683456225047848e+02
5.476030724321533398e+02
5.477399084667746365e+02
5.478786965004244394e+02
5.480192793071582855e+02
5.481614996610317121e+02
5.483052003361009383e+02
5.484502241064213877e+02
5.485964137460488246e+02
5.487436120290386725e+02
5.488916617294470370e+02
5.490404056213293416e+02
5.491896864787414643e+02
5.493393470757391697e+02
5.494892301863779949e+02
5.496391785847137044e+02
5.497890350448020627e+02
5.499386423406986069e+02
5.500878432464594425e+02
5.502364805361397657e+02
5.503843969837955683e+02
5.505314353634827285e+02
5.506774384492564423e+02
5.508222490151728152e+02
5.509657098352874982e+02
5.511076636836561420e+02
5.512479533343343974e+02
5.513864215613782562e+02
5.515229111388430283e+02
5.516572648407847055e+02
5.517893254412588249e+02
5.519189357143212646e+02
5.520459384340276756e+02
5.521701763744334812e+02
5.522914923095949007e+02
5.524097290135673575e+02
5.525247292604065024e+02
5.526363422495040822e+02
5.527445218200558656e+02
5.528493069433376377e+02
5.529507390622793537e+02
5.530488596198101732e+02
5.531437100588607336e+02
5.532353318223604219e+02
5.533237663532393071e+02
5.534090550944272309e+02
5.534912394888536937e+02
5.535703609794489921e+02
5.536464610091426266e+02
5.537195810208646662e+02
5.537897624575447253e+02
5.538570467621127591e+02
5.539214753774988367e+02
5.539830897466322313e+02
5.540419313124434666e+02
5.540980415178618159e+02
5.541514618058174619e+02
5.542022336192402463e+02
5.542503984010596696e+02
5.542959975942059145e+02
5.543390726416087091e+02
5.543796649861978949e+02
5.544178160709031999e+02
5.544535673386549206e+02
5.544869602323821027e+02
5.545180361950152701e+02
5.545468366694840370e+02
5.545734030987181313e+02
5.545977769256476222e+02
5.546199995932023512e+02
5.546401125443119327e+02
5.546581572219062082e+02
5.546741750689151331e+02
5.546882075282685491e+02
5.547002960428965253e+02
5.547104820557282210e+02
5.547188070096942738e+02
5.547253123477241843e+02
5.547300395127475667e+02
5.547330299476946038e+02
5.547343250954949099e+02
5.547339663990787813e+02
5.547319953013752638e+02
5.547284532453147676e+02
5.547233816738271344e+02
5.547168220298419783e+02
5.547088157562891411e+02
5.546994042960986917e+02
5.546886290922003582e+02
5.546765315875238684e+02
5.546631532249991778e+02
5.546485354475561280e+02
5.546327196981245606e+02
5.546157474196343173e+02
5.545976600550150124e+02
5.545784990471969422e+02
5.545583058391096074e+02
5.545371218736829633e+02
5.545149885938467378e+02
5.544919474425307726e+02
5.544680398626652504e+02
5.544433072971796719e+02
5.544177911890038786e+02
5.543915329810678259e+02
5.543645741163013554e+02
5.543369560376340814e+02
5.543087201879964141e+02
5.542799080103176266e+02
5.542505609475277879e+02
5.542207204425565124e+02
5.541904279383339826e+02
5.541597248777898130e+02
5.541286527038540726e+02
5.540972528594562618e+02
5.540655667875266772e+02
5.540336359309947056e+02
5.540015017327903024e+02
5.539692056358436503e+02
5.539367890830840224e+02
5.539042935174417153e+02
5.538717603818464568e+02
5.538392311192277475e+02
5.538067471725161113e+02
5.537743499846407076e+02
5.537420809985318328e+02
5.537099816571193287e+02
5.536780934033323547e+02
5.536464576801017756e+02
5.536151159303568647e+02
5.535841095970273500e+02
5.535534801230431867e+02
5.535232689513345576e+02
5.534935175248307360e+02
5.534642672864620181e+02
5.534355596791580183e+02
5.534074361458486919e+02
5.533799381294637669e+02
5.533531070729331987e+02
5.533269844191868287e+02
5.533016116111541578e+02
5.532770300917655959e+02
5.532532813039505299e+02
5.532304066906390290e+02
5.532084476947609346e+02
5.531874457592459748e+02
5.531674378669806629e+02
5.531484269010114758e+02
5.531304000040659048e+02
5.531133442342958233e+02
5.530972466498529911e+02
5.530820943088892818e+02
5.530678742695565688e+02
5.530545735900066120e+02
5.530421793283911711e+02
5.530306785428623471e+02
5.530200582915714449e+02
5.530103056326710202e+02
5.530014076243121508e+02
5.529933513246470511e+02
5.529861237918275947e+02
5.529797120840055413e+02
5.529741032593326509e+02
5.529692843759607968e+02
5.529652424920418525e+02
5.529619646657275780e+02
5.529594379551699603e+02
5.529576494185204183e+02
5.529565861139312801e+02
5.529562350995539646e+02
5.529565834335404588e+02
5.529576181740428638e+02
5.529593263792125981e+02
5.529616951072015354e+02
5.529647114161617765e+02
5.529683623642448538e+02
5.529726350096027545e+02
5.529775164103872385e+02
5.529829936247501792e+02
5.529890537108434501e+02
5.529956837268188110e+02
5.530028707308281355e+02
5.530106017810230696e+02
5.530188639355557143e+02
5.530276442525778293e+02
5.530369297902410608e+02
5.530467076066971686e+02
5.530569647600984808e+02
5.530676883085961890e+02
5.530788653103427350e+02
5.530904828234894239e+02
5.531025279061885840e+02
5.531149876165915202e+02
5.531278490128504473e+02
5.531410991531168975e+02
5.531547250955429718e+02
5.531687138982804299e+02
5.531830526194809181e+02
5.531977283172965372e+02
5.532127280498788195e+02
5.532280388753798661e+02
5.532436478519512093e+02
5.532595420377450637e+02
5.532757084909128480e+02
5.532921342696066631e+02
5.533088064319782688e+02
5.533257120361793113e+02
5.533428381403618914e+02
5.533601718026777689e+02
5.533777000812787037e+02
5.533954100343165692e+02
5.534132887199432389e+02
5.534313231963103590e+02
5.534495005215699166e+02
5.534678077538737853e+02
5.534862319513733837e+02
5.535047601722210402e+02
5.535233794745684008e+02
5.535420769165673391e+02
5.535608395563696149e+02
5.535796544521269880e+02
5.535985086619915592e+02
5.536173892441147473e+02
5.536362832566487668e+02
5.536551777577451503e+02
5.536740598055559985e+02
5.536929164582329577e+02
5.537117347739277875e+02
5.537305018107922479e+02
5.537492046269785533e+02
5.537678302806383499e+02
5.537863658299233975e+02
5.538047983329854560e+02
5.538231148479765125e+02
5.538413024330484404e+02
5.538593481463526587e+02
5.538772390460414954e+02
5.538949621902664830e+02
5.539125046371797225e+02
5.539298534449327462e+02
5.539469956716774277e+02
5.539639183755657541e+02
5.539806086147493716e+02
5.539970534473802672e+02
5.540132399316102010e+02
5.540291551255909326e+02
5.540447860874743355e+02
5.540601198754122834e+02
5.540751435475566495e+02
5.540898441620590802e+02
5.541042087770715625e+02
5.541182244507457426e+02
5.541318782412337214e+02
5.541451572066869176e+02
5.541580514687195773e+02
5.541705634027921406e+02
5.541826984478277609e+02
5.541944620427490236e+02
5.542058596264786274e+02
5.542168966379397261e+02
5.542275785160549049e+02
5.542379106997469762e+02
5.542478986279388664e+02
5.542575477395531607e+02
5.542668634735127853e+02
5.542758512687405528e+02
5.542845165641592757e+02
5.542928647986915394e+02
5.543009014112604973e+02
5.543086318407887347e+02
5.543160615261991779e+02
5.543231959064145258e+02
5.543300404203575908e+02
5.543366005069511857e+02
5.543428816051180092e+02
5.543488891537812151e+02
5.543546285918632748e+02
5.543601053582871145e+02
5.543653248919753196e+02
5.543702926318509299e+02
5.543750140168367579e+02
5.543794944858556164e+02
5.543837394778300904e+02
5.543877544316832200e+02
5.543915447863377040e+02
5.543951159807161275e+02
5.543984734537417580e+02
5.544016226443370670e+02
5.544045689914249806e+02
5.544073179339283115e+02
5.544098749107697586e+02
5.544122453608721344e+02
5.544144347231583652e+02
5.544164484365511498e+02
5.544182919399731873e+02
5.544199706723476311e+02
5.544214900725969528e+02
5.544228555796438513e+02
5.544240726324114803e+02
5.544251466698228796e+02
5.544260831307999524e+02
5.544268874542661933e+02
5.544275650791443013e+02
5.544281214443567478e+02
5.544285619888266865e+02
5.544288921514769299e+02
5.544291173712300633e+02
5.544292430870092403e+02
5.544292747377369324e+02
5.544292177623358384e+02
5.544290775997291121e+02
5.544288596888393386e+02
5.544285694685894441e+02
5.544282123779020139e+02
5.544277938557002017e+02
5.544273193409064788e+02
5.544267942724436580e+02
5.544262240892347791e+02
5.544256142302026547e+02
5.544249701342698700e+02
5.544242972403593512e+02
5.544236009873936837e+02
5.544228868142961346e+02
5.544221601599890619e+02
5.544214264633955054e+02
5.544206911634379367e+02
5.544199596990395094e+02
5.544192375091230360e+02
5.544185300326109882e+02
5.544178427084266332e+02
5.544171809754924425e+02
5.544165502727312287e+02
5.544159560390660317e+02
5.544154037134194368e+02
5.544148987347142565e+02
5.544144465418733034e+02
5.544140525738192764e+02
5.544137222694753291e+02
5.544134610677640467e+02
5.544132744076081281e+02
5.544131677279304995e+02
5.544131464676538599e+02
5.544132160657012491e+02
5.544133819609951388e+02
5.544136495924586825e+02
5.544140243990143517e+02
5.544145118195851865e+02
5.544151172930938856e+02
5.544158462584631479e+02
5.544167041546160135e+02
5.544176964204751812e+02
5.544188284949634635e+02
5.544201058170035594e+02
5.544215338255181678e+02
5.544231179594305559e+02
5.544248636576630815e+02
5.544267763591387848e+02
5.544288615027803644e+02
5.544311245275106330e+02
5.544335708722524032e+02
5.544362059759284875e+02
5.544390352615416759e+02
5.544420611892325041e+02
5.544452798003943599e+02
5.544486862968892638e+02
5.544522758805787817e+02
5.544560437533250479e+02
5.544599851169897420e+02
5.544640951734348846e+02
5.544683691245222690e+02
5.544728021721139157e+02
5.544773895180715044e+02
5.544821263642568283e+02
5.544870079125321354e+02
5.544920293647587641e+02
5.544971859227988489e+02
5.545024727885144102e+02
5.545078851637671278e+02
5.545134182504189084e+02
5.545190672503314318e+02
5.545248273653671731e+02
5.545306937973872436e+02
5.545366617482538913e+02
5.545427264198292505e+02
5.545488830139745460e+02
5.545551267325521394e+02
5.545614527774238240e+02
5.545678563504510521e+02
5.545743326534964126e+02
5.545808768884211304e+02
5.545874842570872261e+02
5.545941499613568340e+02
5.546008692030918610e+02
5.546076371841536456e+02
5.546144491064044360e+02
5.546213001717061388e+02
5.546281855819204338e+02
5.546351005389093416e+02
5.546420402445347690e+02
5.546489999006583957e+02
5.546559747091421286e+02
5.546629598718478746e+02
5.546699505906376544e+02
5.546769420673730338e+02
5.546839295039161470e+02
5.546909081021286738e+02
5.546978730638725210e+02
5.547048195910097093e+02
5.547117428854019181e+02
5.547186381489111682e+02
5.547255005833992527e+02
5.547323253907279650e+02
5.547391077727592119e+02
5.547458429313550141e+02
5.547525260683769375e+02
5.547591523856872300e+02
5.547657170851474575e+02
5.547722153686196407e+02
5.547786424379656864e+02
5.547849934950470470e+02
5.547912637417261976e+02
5.547974483798647043e+02
5.548035426113243602e+02
5.548095416379670723e+02
5.548154406616549750e+02
5.548212348842495203e+02
5.548269195076128426e+02
5.548324897336069625e+02
5.548379407640933323e+02
5.548432678009339725e+02
5.548484660459909037e+02
5.548535307011258055e+02
5.548584569682005849e+02
5.548632400490772625e+02
5.548678751456176315e+02
5.548723574596833714e+02
5.548766821931366167e+02
5.548808445478391604e+02
5.548848397256526823e+02
5.548886629284393166e+02
5.548923093580607429e+02
5.548957742163788680e+02
5.548990527052557127e+02
5.549021400265529564e+02
5.549050313821323925e+02
5.549077219738562690e+02
5.549102070035860379e+02
5.549124816731838337e+02
5.549145411845114495e+02
5.549163807394306787e+02
5.549179955398034281e+02
5.549193807874917184e+02
5.549205316843572291e+02
5.549214434322615261e+02
5.549221112330673122e+02
5.549225302886358122e+02
5.549226958008290467e+02
5.549226029715088089e+02
5.549222470025371194e+02
5.549216230957757716e+02
5.549207264530865586e+02
5.549195522763316148e+02
5.549180957673725061e+02
5.549163521280712530e+02
5.549143165602895351e+02
5.549119842658894868e+02
5.549093504467330149e+02
5.549064103046816854e+02
5.549031590415975188e+02
5.548995920986330930e+02
5.548957131589137362e+02
5.548915360361580724e+02
5.548870751661471559e+02
5.548823449846615858e+02
5.548773599274818480e+02
5.548721344303888827e+02
5.548666829291632894e+02
5.548610198595860084e+02
5.548551596574377527e+02
5.548491167584994628e+02
5.548429055985513969e+02
5.548365406133746092e+02
5.548300362387499263e+02
5.548234069104576065e+02
5.548166670642789313e+02
5.548098311359945001e+02
5.548029135613847984e+02
5.547959287762308804e+02
5.547888912163132318e+02
5.547818153174130202e+02
5.547747155153103904e+02
5.547676062457866237e+02
5.547605019446222059e+02
5.547534170475978499e+02
5.547463659904943825e+02
5.547393632090925166e+02
5.547324231391729654e+02
5.547255602165164419e+02
5.547187888769038864e+02
5.547121235561158983e+02
5.547055786899331906e+02
5.546991687141363627e+02
5.546929080645065824e+02
5.546868111768242215e+02
5.546808924868701069e+02
5.546751664304250653e+02
5.546696474432698096e+02
5.546643499611852803e+02
5.546592884199515083e+02
5.546544772553501161e+02
5.546499309031613620e+02
5.546456637991660727e+02
5.546416903791449613e+02
5.546380250788789681e+02
5.546346823341485788e+02
5.546316765807346201e+02
5.546290222544178050e+02
5.546267337909790740e+02
5.546248256261990264e+02
5.546233121958581478e+02
5.546222079357378334e+02
5.546215272816180004e+02
5.546212846692800440e+02
5.546214945345044498e+02
5.546221713130718172e+02
5.546233294407633139e+02
5.546249833533594256e+02
5.546271474866405242e+02
5.546298362763881187e+02
5.546330641583824672e+02
5.546368455684043965e+02
5.546411949422345060e+02
5.546461267156537360e+02
5.546516553244426859e+02
5.546577952043824098e+02
5.546645607912532796e+02
5.546719665208363494e+02
5.546800268289117639e+02
5.546887561512612592e+02
5.546981689236647526e+02
5.547082795819030707e+02
5.547191025617574951e+02
5.547306522990081703e+02
5.547429432294361504e+02
5.547559897888221485e+02
5.547698064129466502e+02
5.547844075375909370e+02
5.547998075985351534e+02
5.548160210315605809e+02
5.548330622724475916e+02
5.548509457569767847e+02
5.548696859209293279e+02
5.548892972000857071e+02
5.549097940302269762e+02
5.549311908471335073e+02
5.549535020865860133e+02
5.549767421843656621e+02
5.550009255762527118e+02
5.550260666980281030e+02
5.550521799854728897e+02
5.550792798743673302e+02
5.551073808004924786e+02
5.551364971996288205e+02
5.551666435075571826e+02
5.551978341600585054e+02
5.552300835929133882e+02
5.552634062419025440e+02
5.552978165428066859e+02
5.553333289314066405e+02
5.553699578434831210e+02
5.554077177148169540e+02
5.554466229811887388e+02
5.554866880783793022e+02
5.555279274421693572e+02
5.555703555083396168e+02
5.556139867126709078e+02
5.556588354909439431e+02
5.557049154936877358e+02
5.557522299745724013e+02
5.558007748237164378e+02
5.558505457753690280e+02
5.559015385637796953e+02
5.559537489231977361e+02
5.560071725878729012e+02
5.560618052920544869e+02
5.561176427699919032e+02
5.561746807559345598e+02
5.562329149841318667e+02
5.562923411888334613e+02
5.563529551042885259e+02
5.564147524647465843e+02
5.564777290044572737e+02
5.565418804576697767e+02
5.566072025586337304e+02
5.566736910415984312e+02
5.567413416408132889e+02
5.568101500905279408e+02
5.568801121249916832e+02
5.569512234784540397e+02
5.570234798851641926e+02
5.570968770793717795e+02
5.571714107953265511e+02
5.572470767672774627e+02
5.573238707294740379e+02
5.574017884161660277e+02
5.574808255616025008e+02
5.575609779000330946e+02
5.576422411657072189e+02
5.577246110928741700e+02
5.578080834157838126e+02
5.578926538686848744e+02
5.579783181858275611e+02
5.580650721014607143e+02
5.581529113498341985e+02
5.582418316651971963e+02
5.583318287817992314e+02
5.584228984338899409e+02
5.585150363557183937e+02
5.586082382815342271e+02
5.587024999455867373e+02
5.587978170821256754e+02
5.588941854254002237e+02
5.589916007096599060e+02
5.590900586691541321e+02
5.591895550381324256e+02
5.592900855508439690e+02
5.593916459415386271e+02
5.594942319444655823e+02
5.595978392938742445e+02
5.597024637240139100e+02
5.598081009691344434e+02
5.599147467634849136e+02
5.600223968413151852e+02
5.601310469368739859e+02
5.602406927844114080e+02
5.603513301181766337e+02
5.604629546724193006e+02
5.605755621813887046e+02
5.606891483793340285e+02
5.608037090005051368e+02
5.609192397791510984e+02
5.610357364495217780e+02
5.611531947458662444e+02
5.612716104024340211e+02
5.613909791534747455e+02
5.615112967332377139e+02
5.616325588759721086e+02
5.617547613159277944e+02
5.618778997873540675e+02
5.620019700245003378e+02
5.621269677616161289e+02
5.622528887329506233e+02
5.623797286727535720e+02
5.625074833152741576e+02
5.626361483947621309e+02
5.627657196454666746e+02
5.628961928016370848e+02
5.630275635975232262e+02
5.631598277673742814e+02
5.632929810454397739e+02
5.634270191659691136e+02
5.635619378632117105e+02
5.636977328714169744e+02
5.638343999248344289e+02
5.639719347577135977e+02
5.641103331043036633e+02
5.642495906988542629e+02
5.643897032756149201e+02
5.645306665688348176e+02
5.646724763127634787e+02
5.648151282416505410e+02
5.649586180897451868e+02
5.651029415912969398e+02
5.652480944805550962e+02
5.653940724917694070e+02
5.655408713591892820e+02
5.656884868170639038e+02
5.658369145996429097e+02
5.659861504411757096e+02
5.661361900759115997e+02
5.662870292381002173e+02
5.664386636619908586e+02
5.665910890818331609e+02
5.667443012318761930e+02
5.668982958463698196e+02
5.670530674191726348e+02
5.672086024218814373e+02
5.673648841342669584e+02
5.675218958279245953e+02
5.676796207744484946e+02
5.678380422454341669e+02
5.679971435124757591e+02
5.681569078471685543e+02
5.683173185211071541e+02
5.684783588058860460e+02
5.686400119731006271e+02
5.688022612943454988e+02
5.689650900412151486e+02
5.691284814853047465e+02
5.692924188982086662e+02
5.694568855515223049e+02
5.696218647168400366e+02
5.697873396657566900e+02
5.699532936698669801e+02
5.701197100007660765e+02
5.702865719300484670e+02
5.704538627293090940e+02
5.706215656701426724e+02
5.707896640241439172e+02
5.709581410629077709e+02
5.711269800580289484e+02
5.712961642811025058e+02
5.714656770037227034e+02
5.716355014974848245e+02
5.718056210339834706e+02
5.719760188848134703e+02
5.721466783215696523e+02
5.723175826158467316e+02
5.724887150392396507e+02
5.726600588633431244e+02
5.728315973597518678e+02
5.730033138000608233e+02
5.731751914558645922e+02
5.733472135987582305e+02
5.735193635003363397e+02
5.736916244321937484e+02
5.738639796659253989e+02
5.740364124731258926e+02
5.742089061253900582e+02
5.743814438943127243e+02
5.745540090514889471e+02
5.747265848685131004e+02
5.748991546169802405e+02
5.750717015684849684e+02
5.752442089946222268e+02
5.754166601669868442e+02
5.755890383571737630e+02
5.757613268367773571e+02
5.759335088773926827e+02
5.761055677506144548e+02
5.762774867280377293e+02
5.764492490812569940e+02
5.766208380818668502e+02
5.767922370014628086e+02
5.769634291116392433e+02
5.771343976839908692e+02
5.773051259901125150e+02
5.774755973015990094e+02
5.776457948900451811e+02
5.778157020270459725e+02
5.779853019841958712e+02
5.781545780330900470e+02
5.783235134453229875e+02
5.784920914924895214e+02
5.786602954461847048e+02
5.788281085780030253e+02
5.789955141595395389e+02
5.791624954623887334e+02
5.793290357581456647e+02
5.794951183184049341e+02
5.796607264147617116e+02
5.798258433188103709e+02
5.799904523021459681e+02
5.801545366363629910e+02
5.803180795930566092e+02
5.804810644438216514e+02
5.806434744602526052e+02
5.808052929139444132e+02
5.809665030764917901e+02
5.811270882194895648e+02
5.812870316145326797e+02
5.814463165332157359e+02
5.816049262471335624e+02
5.817628440278811013e+02
5.819200531470528404e+02
5.820765368762441767e+02
5.822322784870493706e+02
5.823872612510633644e+02
5.825414684398811005e+02
5.826948833250971802e+02
5.828474891783064322e+02
5.829992692711035716e+02
5.831502068750836543e+02
5.833002852618413954e+02
5.834494877029712825e+02
5.835977974700685991e+02
5.837451978347278327e+02
5.838916720685439259e+02
5.840372034431114798e+02
5.841817752300255506e+02
5.843253707008808533e+02
5.844679731272721028e+02
5.846095657800924528e+02
5.847501263200903168e+02
5.848896132362779099e+02
5.850279809258255455e+02
5.851651837859035368e+02
5.853011762136826519e+02
5.854359126063332042e+02
5.855693473610257342e+02
5.857014348749308965e+02
5.858321295452190043e+02
5.859613857690605982e+02
5.860891579436263328e+02
5.862154004660864075e+02
5.863400677336115905e+02
5.864631141433723087e+02
5.865844940925388755e+02
5.867041619782819453e+02
5.868220721977719450e+02
5.869381791481796427e+02
5.870524372266752380e+02
5.871648008304291579e+02
5.872752243566121706e+02
5.873836622023944756e+02
5.874900687649469546e+02
5.875943984414398074e+02
5.876966056290435745e+02
5.877966447249289104e+02
5.878944701262661283e+02
5.879900362302256553e+02
5.880832974339782595e+02
5.881742081346943678e+02
5.882627227295442935e+02
5.883487956156985774e+02
5.884323811903277601e+02
5.885134338506026097e+02
5.885919079936932121e+02
5.886677580167701080e+02
5.887409383170040655e+02
5.888114032915655116e+02
5.888791073376247596e+02
5.889440048523524638e+02
5.890060502329190513e+02
5.890651978764948353e+02
5.891214021802506977e+02
5.891746175413568380e+02
5.892247983569840244e+02
5.892718990243023427e+02
5.893158739404826747e+02
5.893566775026955611e+02
5.893942641081109741e+02
5.894285881538997955e+02
5.894596040372327934e+02
5.894872661552799400e+02
5.895115289052118897e+02
5.895323466841992968e+02
5.895496738894125883e+02
5.895634649180219640e+02
5.895736741671985328e+02
5.895802560341121534e+02
5.895831649159337076e+02
5.895823552098335085e+02
5.895777813129822107e+02
5.895693976225501274e+02
5.895571585357080266e+02
5.895410184496259944e+02
5.895209317614749125e+02
5.894968528684253215e+02
5.894687361676473074e+02
5.894365360563117520e+02
5.894002069315887411e+02
5.893597031906491566e+02
5.893149792306634254e+02
5.892659894488019745e+02
5.892126882422353447e+02
5.891550300081337355e+02
5.890929691436681424e+02
5.890264600460086513e+02
5.889554571123259166e+02
5.888799147397905926e+02
5.887997873255731065e+02
5.887150292668436578e+02
5.886255949607730145e+02
5.885314388045317173e+02
5.884325151952899660e+02
5.883287785302185284e+02
5.882201832064878317e+02
5.881066836212685303e+02
5.879882341717308236e+02
5.878647892550453662e+02
5.877363032683825850e+02
5.876027306089130207e+02
5.874640256738073276e+02
5.873201428602357055e+02
5.871710365653688086e+02
5.870166611863769504e+02
5.868569711204311261e+02
5.866919207647013081e+02
5.865214645163582645e+02
5.863455567725724222e+02
5.861641519305143220e+02
5.859772043873540497e+02
5.857846685402628282e+02
5.855864987864105160e+02
5.853826495229681086e+02
5.851730751471058056e+02
5.849577300559941477e+02
5.847365686468035619e+02
5.845095453167047026e+02
5.842766148621981301e+02
5.840377746451648591e+02
5.837931017688918018e+02
5.835426821027565438e+02
5.832866015161370115e+02
5.830249458784112448e+02
5.827578010589569431e+02
5.824852529271523736e+02
5.822073873523752354e+02
5.819242902040034551e+02
5.816360473514153000e+02
5.813427446639883556e+02
5.810444680111005482e+02
5.807413032621301454e+02
5.804333362864547325e+02
5.801206529534523497e+02
5.798033391325009234e+02
5.794814806929783799e+02
5.791551635042627595e+02
5.788244734357318748e+02
5.784894963567636523e+02
5.781503181367362458e+02
5.778070246450272407e+02
5.774597017510150181e+02
5.771084353240769360e+02
5.767533112335912620e+02
5.763944153489360360e+02
5.760318335394890710e+02
5.756656516746280658e+02
5.752959556237312881e+02
5.749228312561766643e+02
5.745463644413418933e+02
5.741666410486052428e+02
5.737837469473441843e+02
5.733977680069369853e+02
5.730087900967615724e+02
5.726168990861957582e+02
5.722221808446175828e+02
5.718247212414048590e+02
5.714246061459355133e+02
5.710219214275875856e+02
5.706167529557391163e+02
5.702091865997679179e+02
5.697993082290515758e+02
5.693872037129686987e+02
5.689729589208967582e+02
5.685566597222136807e+02
5.681383919862976200e+02
5.677182415825263888e+02
5.672962943802780273e+02
5.668726362489302346e+02
5.664473530578611644e+02
5.660205306764486295e+02
5.655922549740707836e+02
5.651626118201052122e+02
5.647316870839299554e+02
5.642995666349232806e+02
5.638663363424627732e+02
5.634320820759262460e+02
5.629968897046919665e+02
5.625608450981379747e+02
5.621240341256416286e+02
5.616865426565813095e+02
5.612484565603349438e+02
5.608098617062802305e+02
5.603708439637953234e+02
5.599314892022578078e+02
5.594918832910461788e+02
5.590521120995381352e+02
5.586122614971112625e+02
5.581724173531440556e+02
5.577326655370139861e+02
5.572930919180990941e+02
5.568537823657775334e+02
5.564148227494272305e+02
5.559762989384255434e+02
5.555382968021511942e+02
5.551009022099817685e+02
5.546642010312950788e+02
5.542282791354691653e+02
5.537932223918820682e+02
5.533591166699114865e+02
5.529260478389356877e+02
5.524941017683322571e+02
5.520633643274793485e+02
5.516339213857548884e+02
5.512058588125365759e+02
5.507792624772025647e+02
5.503542182491307813e+02
5.499308119976992657e+02
5.495091295922856034e+02
5.490892569022680618e+02
5.486712797970243400e+02
5.482552841459325919e+02
5.478413558183705163e+02
5.474295806837162672e+02
5.470200446113475437e+02
5.466128334706423857e+02
5.462080331309790608e+02
5.458057294617349271e+02
5.454060083322881383e+02
5.450089556120167344e+02
5.446146571702986421e+02
5.442231988765117876e+02
5.438346666000340974e+02
5.434491462102433843e+02
5.430667235765174610e+02
5.426874845682348223e+02
5.423115137225954641e+02
5.419388607903439379e+02
5.415695382632906103e+02
5.412035568058420267e+02
5.408409270824050736e+02
5.404816597573866375e+02
5.401257654951932636e+02
5.397732549602317249e+02
5.394241388169089078e+02
5.390784277296313576e+02
5.387361323628058472e+02
5.383972633808393766e+02
5.380618314481382640e+02
5.377298472291097369e+02
5.374013213881603406e+02
5.370762645896963932e+02
5.367546874981253495e+02
5.364366007778538687e+02
5.361220150932881552e+02
5.358109411088353227e+02
5.355033894889020303e+02
5.351993708978952782e+02
5.348988960002213844e+02
5.346019754602873491e+02
5.343086199424999450e+02
5.340188401112658312e+02
5.337326466309917805e+02
5.334500501660845657e+02
5.331710613809509596e+02
5.328956909399975075e+02
5.326239495076310959e+02
5.323558477482584976e+02
5.320913963262867128e+02
5.318306059061218320e+02
5.315734871521711966e+02
5.313200507288414656e+02
5.310703073005390706e+02
5.308242675316710120e+02
5.305819420866440623e+02
5.303433416298647671e+02
5.301084768257400128e+02
5.298773583386764585e+02
5.296499968330811043e+02
5.294264029733604957e+02
5.292065874239212917e+02
5.289905608491703788e+02
5.287783339135144161e+02
5.285699172813602900e+02
5.283653216171144322e+02
5.281645575851841841e+02
5.279676358499756361e+02
5.277745670758960159e+02
5.275853619273517552e+02
5.274000310687497404e+02
5.272185851644968579e+02
5.270410348789994259e+02
5.268673908766647855e+02
5.266976638218990274e+02
5.265318643791096065e+02
5.263700032127026134e+02
5.262120909870852756e+02
5.260581383666639113e+02
5.259081560158457478e+02
5.257621545990371033e+02
5.256201447806449778e+02
5.254821372250761442e+02
5.253481425967371479e+02
5.252181715600347616e+02
5.250922347793759855e+02
5.249703429191673649e+02
5.248525066438155591e+02
5.247387366177274544e+02
5.246290435053099372e+02
5.245234379709693258e+02
5.244219306791128474e+02
5.243245322941470477e+02
5.242312534804784718e+02
5.241421049025142338e+02
5.240570972246608790e+02
5.239762411113250664e+02
5.238995472269136826e+02
5.238270262358335003e+02
5.237586888024912923e+02
5.236945455912934904e+02
5.236346072666473219e+02
5.235788844929592187e+02
5.235273879346359536e+02
5.234801282560844129e+02
5.234371161217110284e+02
5.233983621959230277e+02
5.233638771431268424e+02
5.233336716277290179e+02
5.233077563141368955e+02
5.232861418667566795e+02
5.232688389499953701e+02
5.232558582282597399e+02
5.232472103659563345e+02
5.232429060274921540e+02
5.232429558772737437e+02
5.232473705797078765e+02
5.232561607992015524e+02
5.232693372001612033e+02
5.232869104469937156e+02
5.233088912041057483e+02
5.233352901359040743e+02
5.233661179067954663e+02
5.234013851811869245e+02
5.234411026234847668e+02
5.234852808980957661e+02
5.235339306694270363e+02
5.235870626018852363e+02
5.236446873598766842e+02
5.237068156078087213e+02
5.237734580100875519e+02
5.238446252311204034e+02
5.239203279353135940e+02
5.240005767870741238e+02
5.240853824508089929e+02
5.241747555909244056e+02
5.242687068718273622e+02
5.243672469579246354e+02
5.244703865136227705e+02
5.245781362033289952e+02
5.246905066914495137e+02
5.248075086423913262e+02
5.249291527205610919e+02
5.250554495903658108e+02
5.251864099162119146e+02
5.253220443625061762e+02
5.254623635936557093e+02
5.256073782740668321e+02
5.257570990681465446e+02
5.259115366403012786e+02
5.260707016549382615e+02
5.262346047764638115e+02
5.264032566692850423e+02
5.265766679978082720e+02
5.267548494264406145e+02
5.269378116195887287e+02
5.271255652416591602e+02
5.273181209570589090e+02
5.275154894301947479e+02
5.277176813254732224e+02
5.279247073073009915e+02
5.281365780400850554e+02
5.283533041882321868e+02
5.285748964161489312e+02
5.288013653882421750e+02
5.290327217689184636e+02
5.292689762225847971e+02
5.295101394136479485e+02
5.297562220065144629e+02
5.300072346655909996e+02
5.302631880552846724e+02
5.305240928400019129e+02
5.307899596841496077e+02
5.310607992521345295e+02
5.313366222083632238e+02
5.316174392172428043e+02
5.319032609431795890e+02
5.321940980505805783e+02
5.324899612038525447e+02
5.327908610674021475e+02
5.330968083056361593e+02
5.334078135829613529e+02
5.337238875637842739e+02
5.340450409125119222e+02
5.343712842935510707e+02
5.347026283713083785e+02
5.350390838101903910e+02
5.353806612746041083e+02
5.357273714289563031e+02
5.360792249376535210e+02
5.364362324651026483e+02
5.367984046757103442e+02
5.371657522338833815e+02
5.375382858040286465e+02
5.379160160505526846e+02
5.382989536378623825e+02
5.386871092303643991e+02
5.390804934924655072e+02
5.394791170885725933e+02
5.398829906830919754e+02
5.402921249404308810e+02
5.407065305249959692e+02
5.411262181011937855e+02
5.415511983334312163e+02
5.419814818861150343e+02
5.424170794236518987e+02
5.428580016104485821e+02
5.433042591109117438e+02
5.437558625894482702e+02
5.442128227104648204e+02
5.446751501383682808e+02
5.451428555375653104e+02
5.456159495724625685e+02
5.460944429074668278e+02
5.465783462069849747e+02
5.470676701354236684e+02
5.475624253571895679e+02
5.480626225366896733e+02
5.485682723383304165e+02
5.490793854265187974e+02
5.495959724656613616e+02
5.501180441201651092e+02
5.506456110544365856e+02
5.511786839328825636e+02
5.517172734199097022e+02
5.522613901799250016e+02
5.528110448773348935e+02
5.533662481765464918e+02
5.539270107419662281e+02
5.544933432380011027e+02
5.550652563290575472e+02
5.556427606795426755e+02
5.562258669538629192e+02
5.568145858164252786e+02
5.574089279316361853e+02
5.580089039639026396e+02
5.586145245776314141e+02
5.592258004372291680e+02
5.598427422071025603e+02
5.604653605516584776e+02
5.610936661353035788e+02
5.617276696224446368e+02
5.623673816774885381e+02
5.630128129648419417e+02
5.636639741489115067e+02
5.643208758941038923e+02
5.649835288648259848e+02
5.656519437254846707e+02
5.663261311404863818e+02
5.670061017742382319e+02
5.676918662911465390e+02
5.683834353556184169e+02
5.690808196320605248e+02
5.697840297848795217e+02
5.704930764784821804e+02
5.712079703772751600e+02
5.719287221456655743e+02
5.726553424480597414e+02
5.733878419488647751e+02
5.741262313124869934e+02
5.748705212033333964e+02
5.756207222858108707e+02
5.763768452243258480e+02
5.771389006832853283e+02
5.779068993270957435e+02
5.786808518201642073e+02
5.794607688268973789e+02
5.802466610117019172e+02
5.810385390389844815e+02
5.818364135731520719e+02
5.826402952786112337e+02
5.834501948197686261e+02
5.842661228610313628e+02
5.850880900668059894e+02
5.859161071014991649e+02
5.867501846295176620e+02
5.875903333152682535e+02
5.884365638231577122e+02
5.892888868175928110e+02
5.901473129629803225e+02
5.910118529237269058e+02
5.918825173642392201e+02
5.927593169489242655e+02
5.936422623421887010e+02
5.945313642084387311e+02
5.954266332120824927e+02
