5.113466483558052005e+02
5.113551681411221352e+02
5.113636868526245394e+02
5.113722044967832403e+02
5.113807210800693497e+02
5.113892366089544339e+02
5.113977510899093204e+02
5.114062645294051777e+02
5.114147769339135721e+02
5.114232883099052742e+02
5.114317986638513389e+02
5.114403080022233894e+02
5.114488163314921394e+02
5.114573236581293258e+02
5.114658299886056625e+02
5.114743353293922041e+02
5.114828396869606877e+02
5.114913430677818837e+02
5.114998454783269608e+02
5.115083469250673716e+02
5.115168474144739434e+02
5.115253469530179018e+02
5.115338455471708130e+02
5.115423432034033908e+02
5.115508399281868606e+02
5.115593357279925044e+02
5.115678306092917751e+02
5.115763245785553295e+02
5.115848176422544498e+02
5.115933098068607592e+02
5.116018010788448009e+02
5.116102914646781414e+02
5.116187809708318923e+02
5.116272696037771652e+02
5.116357573699851855e+02
5.116442442759270648e+02
5.116527303280740284e+02
5.116612155328971880e+02
5.116696998968676553e+02
5.116781834264569397e+02
5.116866661281359256e+02
5.116951480083757815e+02
5.117036290736476758e+02
5.117121093304229476e+02
5.117205887851724810e+02
5.117290674443677290e+02
5.117375453144796893e+02
5.117460224019799284e+02
5.117544987133388190e+02
5.117629742550283822e+02
5.117714490335192750e+02
5.117799230552828362e+02
5.117883963267901777e+02
5.117968688545125246e+02
5.118053406449208751e+02
5.118138117044868522e+02
5.118222820396811699e+02
5.118307516569751101e+02
5.118392205628399552e+02
5.118476887637468167e+02
5.118561562661669200e+02
5.118646230765713199e+02
5.118730892014312985e+02
5.118815546472179676e+02
5.118900194204025524e+02
5.118984835274560510e+02
5.119069469748499159e+02
5.119154097690551453e+02
5.119238719165428506e+02
5.119323334237843710e+02
5.119407942972508749e+02
5.119492545434133604e+02
5.119577141687431663e+02
5.119661731797113475e+02
5.119746315827890726e+02
5.119830893844475668e+02
5.119915465911581123e+02
5.120000032093918207e+02
5.120084592456197470e+02
5.120169147063131732e+02
5.120253695979430404e+02
5.120338239269809719e+02
5.120422776998976815e+02
5.120507309231645650e+02
5.120591836032529045e+02
5.120676357466336412e+02
5.120760873597781710e+02
5.120845384491573213e+02
5.120929890212426017e+02
5.121014390825050668e+02
5.121098886394156580e+02
5.121183376984459983e+02
5.121267862660670289e+02
5.121352343487498047e+02
5.121436819529658351e+02
5.121521290851858339e+02
5.121605757518814244e+02
5.121690219595234339e+02
5.121774677145832584e+02
5.121859130235318389e+02
5.121943578928406851e+02
5.122028023289806242e+02
5.122112463384231660e+02
5.122196899276389104e+02
5.122281331030998217e+02
5.122365758712765000e+02
5.122450182386402275e+02
5.122534602116622864e+02
5.122619017968137314e+02
5.122703430005659584e+02
5.122787838293900222e+02
5.122872242897567503e+02
5.122956643881377659e+02
5.123041041310041237e+02
5.123125435248268786e+02
5.123209825760774265e+02
5.123294212912268222e+02
5.123378596767460067e+02
5.123462977391064896e+02
5.123547354847792121e+02
5.123631729202355700e+02
5.123716100519465044e+02
5.123800468863834112e+02
5.123884834300172315e+02
5.123969196893193612e+02
5.124053556707608550e+02
5.124137913808127678e+02
5.124222268259464954e+02
5.124306620126329790e+02
5.124390969473436144e+02
5.124475316365496838e+02
5.124559660867217872e+02
5.124644003043316616e+02
5.124728342958502481e+02
5.124812680677488288e+02
5.124897016264986860e+02
5.124981349785703060e+02
5.125065681304357668e+02
5.125150010885656684e+02
5.125234338594314067e+02
5.125318664495040366e+02
5.125402988652547265e+02
5.125487311131548722e+02
5.125571631996754149e+02
5.125655951312876368e+02
5.125740269144627064e+02
5.125824585556715647e+02
5.125908900613858350e+02
5.125993214380762311e+02
5.126077526922141487e+02
5.126161838302708702e+02
5.126246148587173366e+02
5.126330457840247163e+02
5.126414766126646327e+02
5.126499073511075721e+02
5.126583380058251578e+02
5.126667685832884445e+02
5.126751990899686007e+02
5.126836295323367949e+02
5.126920599168641957e+02
5.127004902500219714e+02
5.127089205382815180e+02
5.127173507881136629e+02
5.127257810059895746e+02
5.127342111983807627e+02
5.127426413717580544e+02
5.127510715325928459e+02
5.127595016873563054e+02
5.127679318425193742e+02
5.127763620045534481e+02
5.127847921799296955e+02
5.127932223751191714e+02
5.128016525965931578e+02
5.128100828508228233e+02
5.128185131442792226e+02
5.128269434834335243e+02
5.128353738747570105e+02
5.128438043247208498e+02
5.128522348397959831e+02
5.128606654264540339e+02
5.128690960911658294e+02
5.128775268404026519e+02
5.128859576806355562e+02
5.128943886183358245e+02
5.129028196599747389e+02
5.129112508120232405e+02
5.129196820809527253e+02
5.129281134732341343e+02
5.129365449953387497e+02
5.129449766537378537e+02
5.129534084549022737e+02
5.129618404053037466e+02
5.129702725114128725e+02
5.129787047797011610e+02
5.129871372166396668e+02
5.129955698286996721e+02
5.130040026223521181e+02
5.130124356040684006e+02
5.130208687803195744e+02
5.130293021575768080e+02
5.130377357423113835e+02
5.130461695409944696e+02
5.130546035600970072e+02
5.130630378060905059e+02
5.130714722854457932e+02
5.130799070046343786e+02
5.130883419701270896e+02
5.130967771883953219e+02
5.131052126659103578e+02
5.131136484091431385e+02
5.131220844245649459e+02
5.131305207186468351e+02
5.131389572978600881e+02
5.131473941686757598e+02
5.131558313375652460e+02
5.131642688109996016e+02
5.131727065954498812e+02
5.131811446973873672e+02
5.131895831232832279e+02
5.131980218796086319e+02
5.132064609728348614e+02
5.132149004094328575e+02
5.132233401958739023e+02
5.132317803386292780e+02
5.132402208441699258e+02
5.132486617189672415e+02
5.132571029694922800e+02
5.132655446022163233e+02
5.132739866236101989e+02
5.132824290401455301e+02
5.132908718582932579e+02
5.132993150845246646e+02
5.133077587253106913e+02
5.133162027871228474e+02
5.133246472764320742e+02
5.133330921997095402e+02
5.133415375634264137e+02
5.133499833740539771e+02
5.133584296380633987e+02
5.133668763619258470e+02
5.133753235521122633e+02
5.133837712150941570e+02
5.133922193573424693e+02
5.134006679853284822e+02
5.134091171055233644e+02
5.134175667243981707e+02
5.134260168484241831e+02
5.134344674840725702e+02
5.134429186378146142e+02
5.134513703161212561e+02
5.134598225254637782e+02
5.134682752723133490e+02
5.134767285631411369e+02
5.134851824044183104e+02
5.134936368026160380e+02
5.135020917642053746e+02
5.135105472956578296e+02
5.135190034034442306e+02
5.135274600940359733e+02
5.135359173739041125e+02
5.135443752495198169e+02
5.135528337273543684e+02
5.135612928138785946e+02
5.135697525155642325e+02
5.135782128388819956e+02
5.135866737903031662e+02
5.135951353762992539e+02
5.136035976033408588e+02
5.136120604778994903e+02
5.136205240064463169e+02
5.136289881954523935e+02
5.136374530513890022e+02
5.136459185807270842e+02
5.136543847899382627e+02
5.136628516854933650e+02
5.136713192738636735e+02
5.136797875615202429e+02
5.136882565549343553e+02
5.136967262605771793e+02
5.137051966849197697e+02
5.137136678344335223e+02
5.137221397155893783e+02
5.137306123348587334e+02
5.137390856987126426e+02
5.137475598136220469e+02
5.137560346860584559e+02
5.137645103224930381e+02
5.137729867293967345e+02
5.137814639132409411e+02
5.137899418804967127e+02
5.137984206376352176e+02
5.138069001911275109e+02
5.138153805474452156e+02
5.138238617130589319e+02
5.138323436944401692e+02
5.138408264980599824e+02
5.138493101303896538e+02
5.138577945979003516e+02
5.138662799070629035e+02
5.138747660643489326e+02
5.138832530762296074e+02
5.138917409491756416e+02
5.139002296896586586e+02
5.139087193041495993e+02
5.139172097991196324e+02
5.139257011810400400e+02
5.139341934563819905e+02
5.139426866316167661e+02
5.139511807132150807e+02
5.139596757076486711e+02
5.139681716213883647e+02
5.139766684609053300e+02
5.139851662326710766e+02
5.139936649431563183e+02
5.140021645988324508e+02
5.140106652061707564e+02
5.140191667716422899e+02
5.140276693017181060e+02
5.140361728028694870e+02
5.140446772815677150e+02
5.140531827442838448e+02
5.140616891974889313e+02
5.140701966476544840e+02
5.140787051012513302e+02
5.140872145647507523e+02
5.140957250446240323e+02
5.141042365473422251e+02
5.141127490793764991e+02
5.141212626471981366e+02
5.141297772572781923e+02
5.141382929160879485e+02
5.141468096300983461e+02
5.141553274057808949e+02
5.141638462496065358e+02
5.141723661680464375e+02
5.141808871675719956e+02
5.141894092546540378e+02
5.141979324357639598e+02
5.142064567173729301e+02
5.142149821059521173e+02
5.142235086079726898e+02
5.142320362299055887e+02
5.142405649782225510e+02
5.142490948593939493e+02
5.142576258798917479e+02
5.142661580461865469e+02
5.142746913647497422e+02
5.142832258420526159e+02
5.142917614845661092e+02
5.143002982987615042e+02
5.143088362911100830e+02
5.143173754680829006e+02
5.143259158361510117e+02
5.143344574017856985e+02
5.143430001714582431e+02
5.143515441516398141e+02
5.143600893488012389e+02
5.143686357694141407e+02
5.143771834199494606e+02
5.143857323068783671e+02
5.143942824366721425e+02
5.144028338158018414e+02
5.144113864507386324e+02
5.144199403479536841e+02
5.144284955139183921e+02
5.144370519551035841e+02
5.144456096779806558e+02
5.144541686890207757e+02
5.144627289946949986e+02
5.144712906014746068e+02
5.144798535158307686e+02
5.144884177442346527e+02
5.144969832931573137e+02
5.145055501690699202e+02
5.145141183784438681e+02
5.145226879277502121e+02
5.145312588234600071e+02
5.145398310720446489e+02
5.145484046799748512e+02
5.145569796537224647e+02
5.145655559997582031e+02
5.145741337245533487e+02
5.145827128345790697e+02
5.145912933363065349e+02
5.145998752362069126e+02
5.146084585407513714e+02
5.146170432564111934e+02
5.146256293896573197e+02
5.146342169469611463e+02
5.146428059347937278e+02
5.146513963596263466e+02
5.146599882279299436e+02
5.146685815461759148e+02
5.146771763208353150e+02
5.146857725583794263e+02
5.146943702652794173e+02
5.147029694480062290e+02
5.147115701130312573e+02
5.147201722668255570e+02
5.147287759158604104e+02
5.147373810666069858e+02
5.147459877255363381e+02
5.147545958991198631e+02
5.147632055938283884e+02
5.147718168161333097e+02
5.147804295725059092e+02
5.147890438694171280e+02
5.147976597133381347e+02
5.148062771107403250e+02
5.148148960680947539e+02
5.148235165918724761e+02
5.148321386885447737e+02
5.148407623645829290e+02
5.148493876264577693e+02
5.148580144806410317e+02
5.148666429336033161e+02
5.148752729918160185e+02
5.148839046617504209e+02
5.148925379498775783e+02
5.149011728626686590e+02
5.149098094065947180e+02
5.149184475881272647e+02
5.149270874137371266e+02
5.149357288898956995e+02
5.149443720230740382e+02
5.149530168197435387e+02
5.149616632863749146e+02
5.149703114294399029e+02
5.149789612554091036e+02
5.149876127707540263e+02
5.149962659819458395e+02
5.150049208954555979e+02
5.150135775177545838e+02
5.150222358553139657e+02
5.150308959146047982e+02
5.150395577020982500e+02
5.150482212242657170e+02
5.150568864875781401e+02
5.150655534985069153e+02
5.150742222635229837e+02
5.150828927890975137e+02
5.150915650817019014e+02
5.151002391478070876e+02
5.151089149938843548e+02
5.151175926264049849e+02
5.151262720518399192e+02
5.151349532766605535e+02
5.151436363073378288e+02
5.151523211503430275e+02
5.151610078121473180e+02
5.151696962992219824e+02
5.151783866180380755e+02
5.151870787750668796e+02
5.151957727767793358e+02
5.152044686296467262e+02
5.152131663401403330e+02
5.152218659147312110e+02
5.152305673598905287e+02
5.152392706820895683e+02
5.152479758877994982e+02
5.152566829834912596e+02
5.152653919756363621e+02
5.152741028707056330e+02
5.152828156751705819e+02
5.152915303955020363e+02
5.153002470381715057e+02
5.153089656096498175e+02
5.153176861164084812e+02
5.153264085649185517e+02
5.153351329616510839e+02
5.153438593130774734e+02
5.153525876256684342e+02
5.153613179058957030e+02
5.153700501602301074e+02
5.153787843951430432e+02
5.153875206171054515e+02
5.153962588325886145e+02
5.154049990480637007e+02
5.154137412700018785e+02
5.154224855048743166e+02
5.154312317591521833e+02
5.154399800393067608e+02
5.154487303518091039e+02
5.154574827031302675e+02
5.154662370997415337e+02
5.154749935481141847e+02
5.154837520547192753e+02
5.154925126260280877e+02
5.155012752685116766e+02
5.155100399886412106e+02
5.155188067928878581e+02
5.155275756877230151e+02
5.155363466796175089e+02
5.155451197750426218e+02
5.155538949804697495e+02
5.155626723023698332e+02
5.155714517472140415e+02
5.155802333214736564e+02
5.155890170316198464e+02
5.155978028841236664e+02
5.156065908854565123e+02
5.156153810420892114e+02
5.156241733604931596e+02
5.156329678471396392e+02
5.156417645084994774e+02
5.156505633510441839e+02
5.156593643812448136e+02
5.156681676055725347e+02
5.156769730304985160e+02
5.156857806624936984e+02
5.156945905080297052e+02
5.157034025735774776e+02
5.157122168656081840e+02
5.157210333905929929e+02
5.157298521550029591e+02
5.157386731653094785e+02
5.157474964279836058e+02
5.157563219494965097e+02
5.157651497363195858e+02
5.157739797949235481e+02
5.157828121317800196e+02
5.157916467533598279e+02
5.158004836661343688e+02
5.158093228765748108e+02
5.158181643911520950e+02
5.158270082163376173e+02
5.158358543586025462e+02
5.158447028244179364e+02
5.158535536202549565e+02
5.158624067525850023e+02
5.158712622278790150e+02
5.158801200526081630e+02
5.158889802332438421e+02
5.158978427762569936e+02
5.159067076881187859e+02
5.159155749753006148e+02
5.159244446442735352e+02
5.159333167015086019e+02
5.159421911534770970e+02
5.159510680066500754e+02
5.159599472674989329e+02
5.159688289424947243e+02
5.159777130381086181e+02
5.159865995608117828e+02
5.159954885170752732e+02
5.160043799133704852e+02
5.160132737561684735e+02
5.160221700519405204e+02
5.160310688071575669e+02
5.160399700282910089e+02
5.160488737218119013e+02
5.160577798941912988e+02
5.160666885519007110e+02
5.160755997014109653e+02
5.160845133491934575e+02
5.160934295017193563e+02
5.161023481654597163e+02
5.161112693468855923e+02
5.161201930524684940e+02
5.161291192886794761e+02
5.161380480619895934e+02
5.161469793788700144e+02
5.161559132457920214e+02
5.161648496692266690e+02
5.161737886556453532e+02
5.161827302115190150e+02
5.161916743433189367e+02
5.162006210575161731e+02
5.162095703605821200e+02
5.162185222589877185e+02
5.162274767592041371e+02
5.162364338677027717e+02
5.162453935909546772e+02
5.162543559354309082e+02
5.162633209076028606e+02
5.162722885139415894e+02
5.162812587609181492e+02
5.162902316550039359e+02
5.162992072026700043e+02
5.163081854103875230e+02
5.163171662846276604e+02
5.163261498318616987e+02
5.163351360585605789e+02
5.163441249711956971e+02
5.163531165762382216e+02
5.163621108801590935e+02
5.163711078894297088e+02
5.163801076105211223e+02
5.163891100499045024e+02
5.163981152140512449e+02
5.164071231094321774e+02
5.164161337425186957e+02
5.164251471197818546e+02
5.164341632476930499e+02
5.164431821327232228e+02
5.164522037813435418e+02
5.164612282000252890e+02
5.164702553952396329e+02
5.164792853734576283e+02
5.164883181411506712e+02
5.164973537047897025e+02
5.165063920708460046e+02
5.165154332457906321e+02
5.165244772360949810e+02
5.165335240482299923e+02
5.165425736886670620e+02
5.165516261638771311e+02
5.165606814803314819e+02
5.165697396445013965e+02
5.165788006628578160e+02
5.165878645418721362e+02
5.165969312880152984e+02
5.166060009077586983e+02
5.166150734075733908e+02
5.166241487939305443e+02
5.166332270733014411e+02
5.166423082521571359e+02
5.166513923369686836e+02
5.166604793342075936e+02
5.166695692503448072e+02
5.166786620918514927e+02
5.166877578651989324e+02
5.166968565768580675e+02
5.167059582333004073e+02
5.167150628409968931e+02
5.167241704064188070e+02
5.167332809360372039e+02
5.167423944363233659e+02
5.167515109137483478e+02
5.167606303747835454e+02
5.167697528258997863e+02
5.167788782735685800e+02
5.167880067242609812e+02
5.167971381844480447e+02
5.168062726606010528e+02
5.168154101591911740e+02
5.168245506866895767e+02
5.168336942495673156e+02
5.168428408542957868e+02
5.168519905073460450e+02
5.168611432151892586e+02
5.168702989842964826e+02
5.168794578211391126e+02
5.168886197321882037e+02
5.168977847239149241e+02
5.169069528027904425e+02
5.169161239752860411e+02
5.169252982478727745e+02
5.169344756270218113e+02
5.169436561192043200e+02
5.169528397308914691e+02
5.169620264685545408e+02
5.169712163386647035e+02
5.169804093476930120e+02
5.169896055021107486e+02
5.169988048083887406e+02
5.170080072729988387e+02
5.170172129024115293e+02
5.170264217030983218e+02
5.170356336815304985e+02
5.170448488441788868e+02
5.170540671975149962e+02
5.170632887480097679e+02
5.170725135021344840e+02
5.170817414663601994e+02
5.170909726471581962e+02
5.171002070509997566e+02
5.171094446843557080e+02
5.171186855536976736e+02
5.171279296654964810e+02
5.171371770262232985e+02
5.171464276423495221e+02
5.171556815203463202e+02
5.171649386666846340e+02
5.171741990878357456e+02
5.171834627902707098e+02
5.171927297804609225e+02
5.172020000648775522e+02
5.172112736499916537e+02
5.172205505422742817e+02
5.172298307481968322e+02
5.172391142742303600e+02
5.172484011268461472e+02
5.172576913125151350e+02
5.172669848377088329e+02
5.172762817088981819e+02
5.172855819325543507e+02
5.172948855151486214e+02
5.173041924631520487e+02
5.173135027830359149e+02
5.173228164812712748e+02
5.173321335643295242e+02
5.173414540386814906e+02
5.173507779107985698e+02
5.173601051871519303e+02
5.173694358742127406e+02
5.173787699784521692e+02
5.173881075063411572e+02
5.173974484643513279e+02
5.174067928589535086e+02
5.174161406966188679e+02
5.174254919838188016e+02
5.174348467270243646e+02
5.174442049327066115e+02
5.174535666073369384e+02
5.174629317573862863e+02
5.174723003893261648e+02
5.174816725096272876e+02
5.174910481247611642e+02
5.175004272411989632e+02
5.175098098654116257e+02
5.175191960038705474e+02
5.175285856630466697e+02
5.175379788494113882e+02
5.175473755694357578e+02
5.175567758295911744e+02
5.175661796363484655e+02
5.175755869961789131e+02
5.175849979155537994e+02
5.175944124009442930e+02
5.176038304588214487e+02
5.176132520956564349e+02
5.176226773179205338e+02
5.176321061320849140e+02
5.176415385446206301e+02
5.176509745619989644e+02
5.176604141906909717e+02
5.176698574371680479e+02
5.176793043079011341e+02
5.176887548093615123e+02
5.176982089480202376e+02
5.177076667303487056e+02
5.177171281628179713e+02
5.177265932518989757e+02
5.177360620040632284e+02
5.177455344257818979e+02
5.177550105235259252e+02
5.177644903037667063e+02
5.177739737729750686e+02
5.177834609376226354e+02
5.177929518041803476e+02
5.178024463791193739e+02
5.178119446689107690e+02
5.178214466800259288e+02
5.178309524189359081e+02
5.178404618921119891e+02
5.178499751060252265e+02
5.178594920671467889e+02
5.178690127819478448e+02
5.178785372568996763e+02
5.178880654984734520e+02
5.178975975131402265e+02
5.179071333073711685e+02
5.179166728876375601e+02
5.179262162604104560e+02
5.179357634321611386e+02
5.179453144093607762e+02
5.179548691984803099e+02
5.179644278059913631e+02
5.179739902383646495e+02
5.179835565020716786e+02
5.179931266035835051e+02
5.180027005493710703e+02
5.180122783459058837e+02
5.180218599996588864e+02
5.180314455171014743e+02
5.180410349047047021e+02
5.180506281689396246e+02
5.180602253162776378e+02
5.180698263531896828e+02
5.180794312861471553e+02
5.180890401216209966e+02
5.180986528660826025e+02
5.181082695260030277e+02
5.181178901078534409e+02
5.181275146181050104e+02
5.181371430632290185e+02
5.181467754496964062e+02
5.181564117839786832e+02
5.181660520725465631e+02
5.181756963218717829e+02
5.181853445384249426e+02
5.181949967286776655e+02
5.182046528991008927e+02
5.182143130561659063e+02
5.182239772063437613e+02
5.182336453561056260e+02
5.182433175119227826e+02
5.182529936802663997e+02
5.182626738676076457e+02
5.182723580804174617e+02
5.182820463251673573e+02
5.182917386083283873e+02
5.183014349363716065e+02
5.183111353157682970e+02
5.183208397529896274e+02
5.183305482545067662e+02
5.183402608267907681e+02
5.183499774763130290e+02
5.183596982095443764e+02
5.183694230329565471e+02
5.183791519530201413e+02
5.183888849762065547e+02
5.183986221089871833e+02
5.184083633578327408e+02
5.184181087292147367e+02
5.184278582296042259e+02
5.184376118654722632e+02
5.184473696432904717e+02
5.184571315695293379e+02
5.184668976506607123e+02
5.184766678931553088e+02
5.184864423034845231e+02
5.184962208881192964e+02
5.185060036535311383e+02
5.185157906061909898e+02
5.185255817525701332e+02
5.185353770991395095e+02
5.185451766523706283e+02
5.185549804187343170e+02
5.185647884047020852e+02
5.185746006167448741e+02
5.185844170613339656e+02
5.185942377449405285e+02
5.186040626740356174e+02
5.186138918550905146e+02
5.186237252945763885e+02
5.186335629989644076e+02
5.186434049747256267e+02
5.186532512283313281e+02
5.186631017662526801e+02
5.186729565949609650e+02
5.186828157209270103e+02
5.186926791506223253e+02
5.187025468905179650e+02
5.187124189470852116e+02
5.187222953267951198e+02
5.187321760361187444e+02
5.187420610815274813e+02
5.187519504694922716e+02
5.187618442064845112e+02
5.187717422989753686e+02
5.187816447534357849e+02
5.187915515763371559e+02
5.188014627741505365e+02
5.188113783533472088e+02
5.188212983203982276e+02
5.188312226817748751e+02
5.188411514439482062e+02
5.188510846133893892e+02
5.188610221965697065e+02
5.188709641999603264e+02
5.188809106300321901e+02
5.188908614932568071e+02
5.189008167951823225e+02
5.189107765306283682e+02
5.189207406874926392e+02
5.189307092535574384e+02
5.189406822166057509e+02
5.189506595644197660e+02
5.189606412847820138e+02
5.189706273654749111e+02
5.189806177942809882e+02
5.189906125589826615e+02
5.190006116473625752e+02
5.190106150472030322e+02
5.190206227462867901e+02
5.190306347323960381e+02
5.190406509933133066e+02
5.190506715168211258e+02
5.190606962907020261e+02
5.190707253027384240e+02
5.190807585407127362e+02
5.190907959924077204e+02
5.191008376456054521e+02
5.191108834880886889e+02
5.191209335076399611e+02
5.191309876920415718e+02
5.191410460290760511e+02
5.191511085065259294e+02
5.191611751121736233e+02
5.191712458338017768e+02
5.191813206591926928e+02
5.191913995761287879e+02
5.192014825723927061e+02
5.192115696357668639e+02
5.192216607540337918e+02
5.192317559149761337e+02
5.192418551063758514e+02
5.192519583160159300e+02
5.192620655316785587e+02
5.192721767411464953e+02
5.192822919322020425e+02
5.192924110926276171e+02
5.193025342102057493e+02
5.193126612727189695e+02
5.193227922679498079e+02
5.193329271836807948e+02
5.193430660076941194e+02
5.193532087277724258e+02
5.193633553316981306e+02
5.193735058072539914e+02
5.193836601422221975e+02
5.193938183243853928e+02
5.194039803415259939e+02
5.194141461814264176e+02
5.194243158318693077e+02
5.194344892806370808e+02
5.194446665155120400e+02
5.194548475242768291e+02
5.194650322947139784e+02
5.194752208146057910e+02
5.194854130717350245e+02
5.194956090538838680e+02
5.195058087488349656e+02
5.195160121443708476e+02
5.195262192282738170e+02
5.195364299883265176e+02
5.195466444123112524e+02
5.195568624880107791e+02
5.195670842032071732e+02
5.195773095456834199e+02
5.195875385032215945e+02
5.195977710636043412e+02
5.196080072146140765e+02
5.196182469440333307e+02
5.196284902396447478e+02
5.196387370892305171e+02
5.196489874805732825e+02
5.196592414014554606e+02
5.196694988396595818e+02
5.196797597829681763e+02
5.196900242191635471e+02
5.197002921360282244e+02
5.197105635213449659e+02
5.197208383628959609e+02
5.197311166484637397e+02
5.197413983658307188e+02
5.197516835027796560e+02
5.197619720470926268e+02
5.197722639865523888e+02
5.197825593089415861e+02
5.197928580020422942e+02
5.198031600536372707e+02
5.198134654515088187e+02
5.198237741834394683e+02
5.198340862372119773e+02
5.198444016006084212e+02
5.198547202614114440e+02
5.198650422074035760e+02
5.198753674263673474e+02
5.198856959060850613e+02
5.198960276343393616e+02
5.199063625989125512e+02
5.199167007875873878e+02
5.199270421881459470e+02
5.199373867883711000e+02
5.199477345760452636e+02
5.199580855389505132e+02
5.199684396648700613e+02
5.199787969415856423e+02
5.199891573568802414e+02
5.199995208985361614e+02
5.200098875543357053e+02
5.200202573120618581e+02
5.200306301594966953e+02
5.200410060844226336e+02
5.200513850746223170e+02
5.200617671178783894e+02
5.200721522019730401e+02
5.200825403146889130e+02
5.200929314438084248e+02
5.201033255771141057e+02
5.201137227023883725e+02
5.201241228074137553e+02
5.201345258799727844e+02
5.201449319078478766e+02
5.201553408788214483e+02
5.201657527806761436e+02
5.201761676011943791e+02
5.201865853281584577e+02
5.201970059493511371e+02
5.202074294525548339e+02
5.202178558255518510e+02
5.202282850561248324e+02
5.202387171320563084e+02
5.202491520411284682e+02
5.202595897711240696e+02
5.202700303098255290e+02
5.202804736450153769e+02
5.202909197644759161e+02
5.203013686559899043e+02
5.203118203073396444e+02
5.203222747063075531e+02
5.203327318406762743e+02
5.203431916982281109e+02
5.203536542667458207e+02
5.203641195340114791e+02
5.203745874878080713e+02
5.203850581159175590e+02
5.203955314061228137e+02
5.204060073462061382e+02
5.204164859239500629e+02
5.204269671271370044e+02
5.204374509435496066e+02
5.204479373609701724e+02
5.204584263671812323e+02
5.204689179499653164e+02
5.204794120971048415e+02
5.204899087963824513e+02
5.205004080355803353e+02
5.205109098024812511e+02
5.205214140848676152e+02
5.205319208705218443e+02
5.205424301472263551e+02
5.205529419027636777e+02
5.205634561249164562e+02
5.205739728014669936e+02
5.205844919201978200e+02
5.205950134688913522e+02
5.206055374353302341e+02
5.206160638072968823e+02
5.206265925725737134e+02
5.206371237189432577e+02
5.206476572341879319e+02
5.206581931060902662e+02
5.206687313224327909e+02
5.206792718709978089e+02
5.206898147395680780e+02
5.207003599159259011e+02
5.207109073878538084e+02
5.207214571431342165e+02
5.207320091695497695e+02
5.207425634548827702e+02
5.207531199869157490e+02
5.207636787534312361e+02
5.207742397422116483e+02
5.207848029410395156e+02
5.207953683376973686e+02
5.208059359199675100e+02
5.208165056756325839e+02
5.208270775924751206e+02
5.208376516582773093e+02
5.208482278608219076e+02
5.208588061878914459e+02
5.208693866272681134e+02
5.208799691667347815e+02
5.208905537940734121e+02
5.209011404970668764e+02
5.209117292634977048e+02
5.209223200811480865e+02
5.209329129378006655e+02
5.209435078212379722e+02
5.209541047192423093e+02
5.209647036195963210e+02
5.209753045100825375e+02
5.209859073784831480e+02
5.209965122125810240e+02
5.210071190001583545e+02
5.210177277289976701e+02
5.210283383868816145e+02
5.210389509615924908e+02
5.210495654409128292e+02
5.210601818126251601e+02
5.210708000645120137e+02
5.210814201843556930e+02
5.210920421599388419e+02
5.211026659790437634e+02
5.211132916294529878e+02
5.211239190989492727e+02
5.211345483753148073e+02
5.211451794463321221e+02
5.211558122997837472e+02
5.211664469234520993e+02
5.211770833051197087e+02
5.211877214325692194e+02
5.211983612935828205e+02
5.212090028759430425e+02
5.212196461674325292e+02
5.212302911558336973e+02
5.212409378289289634e+02
5.212515861745008579e+02
5.212622361803319109e+02
5.212728878342045391e+02
5.212835411239011592e+02
5.212941960372045287e+02
5.213048525618967233e+02
5.213155106857605006e+02
5.213261703965782772e+02
5.213368316821324697e+02
5.213474945302057222e+02
5.213581589285804512e+02
5.213688248650389596e+02
5.213794923273640052e+02
5.213901613033376634e+02
5.214008317807430331e+02
5.214115037473620760e+02
5.214221771909775498e+02
5.214328520993716438e+02
5.214435284603270020e+02
5.214542062616264957e+02
5.214648854910519731e+02
5.214755661363861918e+02
5.214862481854116822e+02
5.214969316259108609e+02
5.215076164456663719e+02
5.215183026324602906e+02
5.215289901740754885e+02
5.215396790582942685e+02
5.215503692728991609e+02
5.215610608056726960e+02
5.215717536443971767e+02
5.215824477768553606e+02
5.215931431908295508e+02
5.216038398741021638e+02
5.216145378144557299e+02
5.216252369996728930e+02
5.216359374175359562e+02
5.216466390558275634e+02
5.216573419023300175e+02
5.216680459448258489e+02
5.216787511710974741e+02
5.216894575689276508e+02
5.217001651260985682e+02
5.217108738303928703e+02
5.217215836695929738e+02
5.217322946314812953e+02
5.217430067038404786e+02
5.217537198744529405e+02
5.217644341311009839e+02
5.217751494615673664e+02
5.217858658536343910e+02
5.217965832950845879e+02
5.218073017737006012e+02
5.218180212772646200e+02
5.218287417935591748e+02
5.218394633103670230e+02
5.218501858154702404e+02
5.218609092966518119e+02
5.218716337416938131e+02
5.218823591383787743e+02
5.218930854744892258e+02
5.219038127378078116e+02
5.219145409161168345e+02
5.219252699971987113e+02
5.219359999688360858e+02
5.219467308188114885e+02
5.219574625349071084e+02
5.219681951049058171e+02
5.219789285165896899e+02
5.219896627577414847e+02
5.220003978161436180e+02
5.220111336795786201e+02
5.220218703358289076e+02
5.220326077726767835e+02
5.220433459779051191e+02
5.220540849392961036e+02
5.220648246446322673e+02
5.220755650816962543e+02
5.220863062382703674e+02
5.220970481021371370e+02
5.221077906610789796e+02
5.221185339028784256e+02
5.221292778153181189e+02
5.221400223861803624e+02
5.221507676032475729e+02
5.221615134543023942e+02
5.221722599271272429e+02
5.221830070095046494e+02
5.221937546892169166e+02
5.222045029540468022e+02
5.222152517917767227e+02
5.222260011901888674e+02
5.222367511370659940e+02
5.222475016201907465e+02
5.222582526273452004e+02
5.222690041463118860e+02
5.222797561648736746e+02
5.222905086708126419e+02
5.223012616519114317e+02
5.223120150959524608e+02
5.223227689907182594e+02
5.223335233239914714e+02
5.223442780835542862e+02
5.223550332571893478e+02
5.223657888326790726e+02
5.223765447978059910e+02
5.223873011403525197e+02
5.223980578481013026e+02
5.224088149088346427e+02
5.224195723103351838e+02
5.224303300403853427e+02
5.224410880867673086e+02
5.224518464372640665e+02
5.224626050796578056e+02
5.224733640017918788e+02
5.224841231951725149e+02
5.224948826569811899e+02
5.225056423848886880e+02
5.225164023765651109e+02
5.225271626296811291e+02
5.225379231419067310e+02
5.225486839109122457e+02
5.225594449343683436e+02
5.225702062099452405e+02
5.225809677353133793e+02
5.225917295081427483e+02
5.226024915261042452e+02
5.226132537868677446e+02
5.226240162881038032e+02
5.226347790274828640e+02
5.226455420026752563e+02
5.226563052113510821e+02
5.226670686511810118e+02
5.226778323198353746e+02
5.226885962149842726e+02
5.226993603342981487e+02
5.227101246754475596e+02
5.227208892361026074e+02
5.227316540139338485e+02
5.227424190066116125e+02
5.227531842118060013e+02
5.227639496271877988e+02
5.227747152504268797e+02
5.227854810791939144e+02
5.227962471111592322e+02
5.228070133439930487e+02
5.228177797753659206e+02
5.228285464029480636e+02
5.228393132244098069e+02
5.228500802374215937e+02
5.228608474396536394e+02
5.228716148287763872e+02
5.228823824024603937e+02
5.228931501583757608e+02
5.229039180941928180e+02
5.229146862075820081e+02
5.229254544962137743e+02
5.229362229577583321e+02
5.229469915898860108e+02
5.229577603902672536e+02
5.229685293565723896e+02
5.229792984864718619e+02
5.229900677776361135e+02
5.230008372277351327e+02
5.230116068344394762e+02
5.230223765954193595e+02
5.230331465083453395e+02
5.230439165708878591e+02
5.230546867807171338e+02
5.230654571355033795e+02
5.230762276329170390e+02
5.230869982706285555e+02
5.230977690463082581e+02
5.231085399576264763e+02
5.231193110022534256e+02
5.231300821778597765e+02
5.231408534821155172e+02
5.231516249126915454e+02
5.231623964672575084e+02
5.231731681434841903e+02
5.231839399390418066e+02
5.231947118516006867e+02
5.232054838788317284e+02
5.232162560184043514e+02
5.232270282679895672e+02
5.232378006252575915e+02
5.232485730878785262e+02
5.232593456535231553e+02
5.232701183198614672e+02
5.232808910845641321e+02
5.232916639453011385e+02
5.233024368997430429e+02
5.233132099455602884e+02
5.233239830804232042e+02
5.233347563020020061e+02
5.233455296079670234e+02
5.233563029959886990e+02
5.233670764637375896e+02
5.233778500088836836e+02
5.233886236290975376e+02
5.233993973220494809e+02
5.234101710854098428e+02
5.234209449168489527e+02
5.234317188140374810e+02
5.234424927746453022e+02
5.234532667963428594e+02
5.234640408768007092e+02
5.234748150136891809e+02
5.234855892046784902e+02
5.234963634474391938e+02
5.235071377396413936e+02
5.235179120789556464e+02
5.235286864630521677e+02
5.235394608896014006e+02
5.235502353562737881e+02
5.235610098607395457e+02
5.235717844006688892e+02
5.235825589737324890e+02
5.235933335776004469e+02
5.236041082099434334e+02
5.236148828684313230e+02
5.236256575507348998e+02
5.236364322545243795e+02
5.236472069774698639e+02
5.236579817172422509e+02
5.236687564715114149e+02
5.236795312379477991e+02
5.236903060142219601e+02
5.237010807980041136e+02
5.237118555869645888e+02
5.237226303787738289e+02
5.237334051711020493e+02
5.237441799616198068e+02
5.237549547479972034e+02
5.237657295279047958e+02
5.237765042990129132e+02
5.237872790589917713e+02
5.237980538055119268e+02
5.238088285362434817e+02
5.238196032488572200e+02
5.238303779410231300e+02
5.238411526104114273e+02
5.238519272546928960e+02
5.238627018715376380e+02
5.238734764586160964e+02
5.238842510135984867e+02
5.238950255341553657e+02
5.239058000179570627e+02
5.239165744626736796e+02
5.239273488659757732e+02
5.239381232255336727e+02
5.239488975390178211e+02
5.239596718040984342e+02
5.239704460184458412e+02
5.239812201797305988e+02
5.239919942856228090e+02
5.240027683337929147e+02
5.240135423219114728e+02
5.240243162476485850e+02
5.240350901086746944e+02
5.240458639026601304e+02
5.240566376272754496e+02
5.240674112801906404e+02
5.240781848590762593e+02
5.240889583616026357e+02
5.240997317854402127e+02
5.241105051282592058e+02
5.241212783877299444e+02
5.241320515615228715e+02
5.241428246473085437e+02
5.241535976427570631e+02
5.241643705455386453e+02
5.241751433533239606e+02
5.241859160637832247e+02
5.241966886745867669e+02
5.242074611834051439e+02
5.242182335879082302e+02
5.242290058857669237e+02
5.242397780746513263e+02
5.242505501522316536e+02
5.242613221161786896e+02
5.242720939641621953e+02
5.242828656938530685e+02
5.242936373029212973e+02
5.243044087890375522e+02
5.243151801498719351e+02
5.243259513830947753e+02
5.243367224863767433e+02
5.243474934573878272e+02
5.243582642937985838e+02
5.243690349932793424e+02
5.243798055535004323e+02
5.243905759721322966e+02
5.244013462468450371e+02
5.244121163753092105e+02
5.244228863551952600e+02
5.244336561841731736e+02
5.244444258599138493e+02
5.244551953800872752e+02
5.244659647423637807e+02
5.244767339444138088e+02
5.244875029839078024e+02
5.244982718585158636e+02
5.245090405659087764e+02
5.245198091037564154e+02
5.245305774697294510e+02
5.245413456614979850e+02
5.245521136767328017e+02
5.245628815131037754e+02
5.245736491682815767e+02
5.245844166399364212e+02
5.245951839257386382e+02
5.246059510233586707e+02
5.246167179304668480e+02
5.246274846447336131e+02
5.246382511638290680e+02
5.246490174854236557e+02
5.246597836071880465e+02
5.246705495267921151e+02
5.246813152419066455e+02
5.246920807502015123e+02
5.247028460493476132e+02
5.247136111370149365e+02
5.247243760108739252e+02
5.247351406685950224e+02
5.247459051078484435e+02
5.247566693263046318e+02
5.247674333216338027e+02
5.247781970915066267e+02
5.247889606335930921e+02
5.247997239455638692e+02
5.248104870250890599e+02
5.248212498698391073e+02
5.248320124774844544e+02
5.248427748456954305e+02
5.248535369721422512e+02
5.248642988544952459e+02
5.248750604904250849e+02
5.248858218776017566e+02
5.248965830136958175e+02
5.249073438963777107e+02
5.249181045233175382e+02
5.249288648921857430e+02
5.249396250006528817e+02
5.249503848463889426e+02
5.249611444270647098e+02
5.249719037403500579e+02
5.249826627839157709e+02
5.249934215554319508e+02
5.250041800525691542e+02
5.250149382729974832e+02
5.250256962143873807e+02
5.250364538744092897e+02
5.250472112507335396e+02
5.250579683410304597e+02
5.250687251429703792e+02
5.250794816542236276e+02
5.250902378724606478e+02
5.251009937953517692e+02
5.251117494205673211e+02
5.251225047457776327e+02
5.251332597686532608e+02
5.251440144868641937e+02
5.251547688980811017e+02
5.251655229999740868e+02
5.251762767902137057e+02
5.251870302664702876e+02
5.251977834264141620e+02
5.252085362677155445e+02
5.252192887880451053e+02
5.252300409850729466e+02
5.252407928564692838e+02
5.252515443999047875e+02
5.252622956130497869e+02
5.252730464935744976e+02
5.252837970391492490e+02
5.252945472474444841e+02
5.253052971161306459e+02
5.253160466428778363e+02
5.253267958253566121e+02
5.253375446612373025e+02
5.253482931481902369e+02
5.253590412838857446e+02
5.253697890659941550e+02
5.253805364921859109e+02
5.253912835601313418e+02
5.254020302675007770e+02
5.254127766119645457e+02
5.254235225911930911e+02
5.254342682028566287e+02
5.254450134446257152e+02
5.254557583141704526e+02
5.254665028091613976e+02
5.254772469272688795e+02
5.254879906661630002e+02
5.254987340235145439e+02
5.255094769969936124e+02
5.255202195842704214e+02
5.255309617830156412e+02
5.255417035908994876e+02
5.255524450055922898e+02
5.255631860247643772e+02
5.255739266460861927e+02
5.255846668672280657e+02
5.255954066858602118e+02
5.256061460996531878e+02
5.256168851062773228e+02
5.256276237034028327e+02
5.256383618887001603e+02
5.256490996598396350e+02
5.256598370144916998e+02
5.256705739503265704e+02
5.256813104650145760e+02
5.256920465562262734e+02
5.257027822216319919e+02
5.257135174589019471e+02
5.257242522657064683e+02
5.257349866397159985e+02
5.257457205786009808e+02
5.257564540800315172e+02
5.257671871416782778e+02
5.257779197612113649e+02
5.257886519363012212e+02
5.257993836646181762e+02
5.258101149438326729e+02
5.258208457716150406e+02
5.258315761456354949e+02
5.258423060635645925e+02
5.258530355230725490e+02
5.258637645218296939e+02
5.258744930575065837e+02
5.258852211277732067e+02
5.258959487303003471e+02
5.259066758627581066e+02
5.259174025228169285e+02
5.259281287081470282e+02
5.259388544164189625e+02
5.259495796453028333e+02
5.259603043924693111e+02
5.259710286555884977e+02
5.259817524323309499e+02
5.259924757203667696e+02
5.260031985173665134e+02
5.260139208210003972e+02
5.260246426289389774e+02
5.260353639388524698e+02
5.260460847484110900e+02
5.260568050552853947e+02
5.260675248571458269e+02
5.260782441516624885e+02
5.260889629365059363e+02
5.260996812093462722e+02
5.261103989678541666e+02
5.261211162096997214e+02
5.261318329325533796e+02
5.261425491340855842e+02
5.261532648119665510e+02
5.261639799638668364e+02
5.261746945874565426e+02
5.261854086804061126e+02
5.261961222403858756e+02
5.262068352650662746e+02
5.262175477521177527e+02
5.262282596992104118e+02
5.262389711040146949e+02
5.262496819642010450e+02
5.262603922774397915e+02
5.262711020414012637e+02
5.262818112537557909e+02
5.262925199121737023e+02
5.263032280143254411e+02
5.263139355578813365e+02
5.263246425405117179e+02
5.263353489598869146e+02
5.263460548136773696e+02
5.263567600995532985e+02
5.263674648151851443e+02
5.263781689582433501e+02
5.263888725263981314e+02
5.263995755173198177e+02
5.264102779286789655e+02
5.264209797581456769e+02
5.264316810033905085e+02
5.264423816620837897e+02
5.264530817318956224e+02
5.264637812104967907e+02
5.264744800955572828e+02
5.264851783847475417e+02
5.264958760757381242e+02
5.265065731661991322e+02
5.265172696538010086e+02
5.265279655362139692e+02
5.265386608111086844e+02
5.265493554761553696e+02
5.265600495290242407e+02
5.265707429673858542e+02
5.265814357889104258e+02
5.265921279912682849e+02
5.266028195721299880e+02
5.266135105291656373e+02
5.266242008600457893e+02
5.266348905624406598e+02
5.266455796340206916e+02
5.266562680724562142e+02
5.266669558754175569e+02
5.266776430405750489e+02
5.266883295655991333e+02
5.266990154481601394e+02
5.267097006859282828e+02
5.267203852765741203e+02
5.267310692177679812e+02
5.267417525071800810e+02
5.267524351424808629e+02
5.267631171213407697e+02
5.267737984414299035e+02
5.267844791004188210e+02
5.267951590959778514e+02
5.268058384257773241e+02
5.268165170874876821e+02
5.268271950787790274e+02
5.268378723973220303e+02
5.268485490407867928e+02
5.268592250068437579e+02
5.268699002931633686e+02
5.268805748974158405e+02
5.268912488172717303e+02
5.269019220504011400e+02
5.269125945944745126e+02
5.269232664471622911e+02
5.269339376061348048e+02
5.269446080690622694e+02
5.269552778336152414e+02
5.269659468974639367e+02
5.269766152582786845e+02
5.269872829137299277e+02
5.269979498614879958e+02
5.270086160992233317e+02
5.270192816246060374e+02
5.270299464353067833e+02
5.270406105289956713e+02
5.270512739033432581e+02
5.270619365560197593e+02
5.270725984846956180e+02
5.270832596870409361e+02
5.270939201607264977e+02
5.271045799034222910e+02
5.271152389127988727e+02
5.271258971865265721e+02
5.271365547222756049e+02
5.271472115177165279e+02
5.271578675705195565e+02
5.271685228783550201e+02
5.271791774388933618e+02
5.271898312498049108e+02
5.272004843087599966e+02
5.272111366134290620e+02
5.272217881614824364e+02
5.272324389505903355e+02
5.272430889784232022e+02
5.272537382426514796e+02
5.272643867409453833e+02
5.272750344709753563e+02
5.272856814304117279e+02
5.272963276169248275e+02
5.273069730281850980e+02
5.273176176618627551e+02
5.273282615156282418e+02
5.273389045871518874e+02
5.273495468741041350e+02
5.273601883741552001e+02
5.273708290849754121e+02
5.273814690042352140e+02
5.273921081296051625e+02
5.274027464587552458e+02
5.274133839893559070e+02
5.274240207190778165e+02
5.274346566455908487e+02
5.274452917665657878e+02
5.274559260796725084e+02
5.274665595825819082e+02
5.274771922729639755e+02
5.274878241484892669e+02
5.274984552068279982e+02
5.275090854456504985e+02
5.275197148626272110e+02
5.275303434554285786e+02
5.275409712217247034e+02
5.275515981591862555e+02
5.275622242654833371e+02
5.275728495382862775e+02
5.275834739752656333e+02
5.275940975740917338e+02
5.276047203324346810e+02
5.276153422479651454e+02
5.276259633183533424e+02
5.276365835412696015e+02
5.276472029143843656e+02
5.276578214353678504e+02
5.276684391018904989e+02
5.276790559116226405e+02
5.276896718622347180e+02
5.277002869513969472e+02
5.277109011767798847e+02
5.277215145360535189e+02
5.277321270268886337e+02
5.277427386469553312e+02
5.277533493939240543e+02
5.277639592654650187e+02
5.277745682592487810e+02
5.277851763729455570e+02
5.277957836042257895e+02
5.278063899507596943e+02
5.278169954102179418e+02
5.278275999802704064e+02
5.278382036585877586e+02
5.278488064428404414e+02
5.278594083306984430e+02
5.278700093198324339e+02
5.278806094079127433e+02
5.278912085926094733e+02
5.279018068715934078e+02
5.279124042425344214e+02
5.279230007031032983e+02
5.279335962509699129e+02
5.279441908838051631e+02
5.279547845992790371e+02
5.279653773950619779e+02
5.279759692688244286e+02
5.279865602182366047e+02
5.279971502409689492e+02
5.280077393346917916e+02
5.280183274970754610e+02
5.280289147257904006e+02
5.280395010185068259e+02
5.280500863728952936e+02
5.280606707866259057e+02
5.280712542573691053e+02
5.280818367827953352e+02
5.280924183605749249e+02
5.281029989883782036e+02
5.281135786638756144e+02
5.281241573847372592e+02
5.281347351486338084e+02
5.281453119532352503e+02
5.281558877962123688e+02
5.281664626752352660e+02
5.281770365879742712e+02
5.281876095320998274e+02
5.281981815052822640e+02
5.282087525051919101e+02
5.282193225294992089e+02
5.282298915758742623e+02
5.282404596419878544e+02
5.282510267255099734e+02
5.282615928241111760e+02
5.282721579354615642e+02
5.282827220572318083e+02
5.282932851870921240e+02
5.283038473227128407e+02
5.283144084617642875e+02
5.283249686019169076e+02
5.283355277408410302e+02
5.283460858762069847e+02
5.283566430056851004e+02
5.283671991269459340e+02
5.283777542376594738e+02
5.283883083354962764e+02
5.283988614181268986e+02
5.284094134832212148e+02
5.284199645284500093e+02
5.284305145514834976e+02
5.284410635499920090e+02
5.284516115216458729e+02
5.284621584641154186e+02
5.284727043750710891e+02
5.284832492521833274e+02
5.284937930931222354e+02
5.285043358955583699e+02
5.285148776571620601e+02
5.285254183756035218e+02
5.285359580485533115e+02
5.285464966736815313e+02
5.285570342486587379e+02
5.285675707711552604e+02
5.285781062388414284e+02
5.285886406493875711e+02
5.285991740004641315e+02
5.286097062897413252e+02
5.286202375148895953e+02
5.286307676735792711e+02
5.286412967634806819e+02
5.286518247822642707e+02
5.286623517276003668e+02
5.286728775971591858e+02
5.286834023886111709e+02
5.286939260996267649e+02
5.287044487278762972e+02
5.287149702710299835e+02
5.287254907267582666e+02
5.287360100927315898e+02
5.287465283666201685e+02
5.287570455460944459e+02
5.287675616288247511e+02
5.287780766124812999e+02
5.287885904947347626e+02
5.287991032732552412e+02
5.288096149457130650e+02
5.288201255097787907e+02
5.288306349631227476e+02
5.288411433034150377e+02
5.288516505283262177e+02
5.288621566355267305e+02
5.288726616226866781e+02
5.288831654874766173e+02
5.288936682275667636e+02
5.289041698406275600e+02
5.289146703243293359e+02
5.289251696763424206e+02
5.289356678943372572e+02
5.289461649759841748e+02
5.289566609189533892e+02
5.289671557209154571e+02
5.289776493795404804e+02
5.289881418924991294e+02
5.289986332574615062e+02
5.290091234720980538e+02
5.290196125340792150e+02
5.290301004410750920e+02
5.290405871907563551e+02
5.290510727807932199e+02
5.290615572088559020e+02
5.290720404726150718e+02
5.290825225697407177e+02
5.290930034979035099e+02
5.291034832547735505e+02
5.291139618380213960e+02
5.291244392453172622e+02
5.291349154743314784e+02
5.291453905227346013e+02
5.291558643881968464e+02
5.291663370683885432e+02
5.291768085609801346e+02
5.291872788636418363e+02
5.291977479740440913e+02
5.292082158898573425e+02
5.292186826087518057e+02
5.292291481283979238e+02
5.292396124464659124e+02
5.292500755606263283e+02
5.292605374685493871e+02
5.292709981679054181e+02
5.292814576563649780e+02
5.292919159315981688e+02
5.293023729912755471e+02
5.293128288330672149e+02
5.293232834546438426e+02
5.293337368536756458e+02
5.293441890278328401e+02
5.293546399747859823e+02
5.293650896922054017e+02
5.293755381777613138e+02
5.293859854291241618e+02
5.293964314439643886e+02
5.294068762199522098e+02
5.294173197547579548e+02
5.294277620460520666e+02
5.294382030915048745e+02
5.294486428887869351e+02
5.294590814355682369e+02
5.294695187295193364e+02
5.294799547683105629e+02
5.294903895496122459e+02
5.295008230710947146e+02
5.295112553304285257e+02
5.295216863252837811e+02
5.295321160533308102e+02
5.295425445122402834e+02
5.295529716996823026e+02
5.295633976133273109e+02
5.295738222508455237e+02
5.295842456099074980e+02
5.295946676881834492e+02
5.296050884833438204e+02
5.296155079930588272e+02
5.296259262149990263e+02
5.296363431468346334e+02
5.296467587862360915e+02
5.296571731308736162e+02
5.296675861784176504e+02
5.296779979265385236e+02
5.296884083729067925e+02
5.296988175151924452e+02
5.297092253510660385e+02
5.297196318781979016e+02
5.297300370942583640e+02
5.297404409969179824e+02
5.297508435838467449e+02
5.297612448527150946e+02
5.297716448011937018e+02
5.297820434269526686e+02
5.297924407276624379e+02
5.298028367009933390e+02
5.298132313446157013e+02
5.298236246561997405e+02
5.298340166334161268e+02
5.298444072739349622e+02
5.298547965754268034e+02
5.298651845355617525e+02
5.298755711520102523e+02
5.298859564224428595e+02
5.298963403445295626e+02
5.299067229159410317e+02
5.299171041343474826e+02
5.299274839974193583e+02
5.299378625028269880e+02
5.299482396482407012e+02
5.299586154313307134e+02
5.299689898497675813e+02
5.299793629012215206e+02
5.299897345833630879e+02
5.300001048938622716e+02
5.300104738303898557e+02
5.300208413906159421e+02
5.300312075722109739e+02
5.300415723728452804e+02
5.300519357901890771e+02
5.300622978219130346e+02
5.300726584656872546e+02
5.300830177191819530e+02
5.300933755800679137e+02
5.301037320460152387e+02
5.301140871146942573e+02
5.301244407837752988e+02
5.301347930509290336e+02
5.301451439138254500e+02
5.301554933701349910e+02
5.301658414175279859e+02
5.301761880536751050e+02
5.301865332762461094e+02
5.301968770829118967e+02
5.302072194713426825e+02
5.302175604392086825e+02
5.302278999841802261e+02
5.302382381039278698e+02
5.302485747961219431e+02
5.302589100584326616e+02
5.302692438885303545e+02
5.302795762840854650e+02
5.302899072427684359e+02
5.303002367622494830e+02
5.303105648401990493e+02
5.303208914742874640e+02
5.303312166621850565e+02
5.303415404015621561e+02
5.303518626900892059e+02
5.303621835254365351e+02
5.303725029052743594e+02
5.303828208272732354e+02
5.303931372891032652e+02
5.304034522884351190e+02
5.304137658229390127e+02
5.304240778902852753e+02
5.304343884881442364e+02
5.304446976141863388e+02
5.304550052660817983e+02
5.304653114415010577e+02
5.304756161381144466e+02
5.304859193535925215e+02
5.304962210856052707e+02
5.305065213318232509e+02
5.305168200899169051e+02
5.305271173575563353e+02
5.305374131324122118e+02
5.305477074121546366e+02
5.305580001944540527e+02
5.305682914769809031e+02
5.305785812574054034e+02
5.305888695333978831e+02
5.305991563026288986e+02
5.306094415627684384e+02
5.306197253114872865e+02
5.306300075464555448e+02
5.306402882653435427e+02
5.306505674658219505e+02
5.306608451455606428e+02
5.306711213022304037e+02
5.306813959335013351e+02
5.306916690370437664e+02
5.307019406105282542e+02
5.307122106516250142e+02
5.307224791580044894e+02
5.307327461273368954e+02
5.307430115572926752e+02
5.307532754455421582e+02
5.307635377897559010e+02
5.307737985876040057e+02
5.307840578367566877e+02
5.307943155348846176e+02
5.308045716796581246e+02
5.308148262687474244e+02
5.308250792998228462e+02
5.308353307705549469e+02
5.308455806786138282e+02
5.308558290216701607e+02
5.308660757973939326e+02
5.308763210034558142e+02
5.308865646375260212e+02
5.308968066972748829e+02
5.309070471803727287e+02
5.309172860844900015e+02
5.309275234072970306e+02
5.309377591464642592e+02
5.309479932996617890e+02
5.309582258645601769e+02
5.309684568388297521e+02
5.309786862201408439e+02
5.309889140061638955e+02
5.309991401945690086e+02
5.310093647830268537e+02
5.310195877692076465e+02
5.310298091507816025e+02
5.310400289254191648e+02
5.310502470907908901e+02
5.310604636445668802e+02
5.310706785844176920e+02
5.310808919080134274e+02
5.310911036130246430e+02
5.311013136971216682e+02
5.311115221579746049e+02
5.311217289932542371e+02
5.311319342006306670e+02
5.311421377777742237e+02
5.311523397223554639e+02
5.311625400320446033e+02
5.311727387045118576e+02
5.311829357374277834e+02
5.311931311284627100e+02
5.312033248752869667e+02
5.312135169755708830e+02
5.312237074269847881e+02
5.312338962271990113e+02
5.312440833738839956e+02
5.312542688647102977e+02
5.312644526973479060e+02
5.312746348694672633e+02
5.312848153787386991e+02
5.312949942228327700e+02
5.313051713994195779e+02
5.313153469061696796e+02
5.313255207407534044e+02
5.313356929008409679e+02
5.313458633841029268e+02
5.313560321882094968e+02
5.313661993108310071e+02
5.313763647496377871e+02
5.313865285023003935e+02
5.313966905664890419e+02
5.314068509398739479e+02
5.314170096201257820e+02
5.314271666049146461e+02
5.314373218919110968e+02
5.314474754787852362e+02
5.314576273632076209e+02
5.314677775428486939e+02
5.314779260153784435e+02
5.314880727784675400e+02
5.314982178297859718e+02
